2138075988152462096	40.63548	-73.97825
1905837242740508940	40.76211	-73.92523
2c8b263e-952c-4941-a671-ef0ebb062632	40.66227	-73.93762
2126623765785393224	40.62137	-74.03209
498d7e8e-5164-4f26-9ce6-399947d73b1a	40.70636	-73.91945
66db3687-0aca-11e7-82f6-3863bb44ef7c	40.70037867	-73.99548059
55a4dc76-d839-4e06-9bf4-2f343391343c	40.70793	-73.91092
2124426307973079924	40.6115	-74.03513
2137775326353803668	40.6403436	-73.9791522
66dd1f44-0aca-11e7-82f6-3863bb44ef7c	40.73026	-73.95394
a45a712c-1e3d-4fee-bef8-adafafd80670	40.74261	-73.903
2126224996973581072	40.62095	-74.02388
2124426077519611940	40.62402	-74.03396
2124425439157234232	40.63416	-74.02058
92fc1ad7-0867-4655-b02f-ede65d336b14	40.758057	-73.909831
f523c481-ba41-44ba-96e1-0c431fbea558	40.740821207823245	-73.93147185444832
d265dbc7-ef55-4f5b-8a2b-f2015dc71fb8	40.7596276	-73.9321455
69f84045-48f9-4c6c-90d3-0503e5ed39e9	40.6769694	-73.96579
66dde69c-0aca-11e7-82f6-3863bb44ef7c	40.6686627	-73.97988067
bbc3c1df-f7db-4f54-8d5c-b8f4269ecb48	40.72897	-73.90115
2121032386733337206	40.64166	-73.98505
66dbcd6c-0aca-11e7-82f6-3863bb44ef7c	40.693261	-73.968896
ca843847-923a-40b7-80ca-c1c3fff6e818	40.848177	-73.916082
90b141b9-c39f-4a26-a32d-08c7d1474d52	40.816567	-73.888161
1828965172312150882	40.64868	-73.94635
66ddea99-0aca-11e7-82f6-3863bb44ef7c	40.6662078	-73.98199886
f9ed9a6b-097e-48b9-a9d1-79d084dcd2d9	40.846465	-73.903869
66dc1687-0aca-11e7-82f6-3863bb44ef7c	40.6809833854	-73.9500479759
2126623007192357636	40.62757	-74.03838
00967b8f-1a4d-4131-a65a-17fa8ca89e28	40.74446	-73.89764
1965202298784063998	40.689271	-73.957324
5145ad1c-241f-4448-a742-739bd5c518c2	40.73577	-73.90184
c606bae0-889c-47c3-8202-9463ef147655	40.66288	-73.94019
d18512f9-52c8-4175-92b9-b6258dc30748	40.67202	-73.92539
1848241684520917882	40.74399	-73.86781
9635affa-8b18-42d5-84c4-7f67ad5ef9d0	40.807466	-73.927107
1859808514684217788	40.74582	-73.86433
c2bb1874-bcb7-47c5-aa7d-05423b9087e8	40.67234	-73.94763
e9575102-1081-4c30-8d15-ea95913579e2	40.6747	-73.92512
ff745407-c087-4c0d-a965-98baf078f292	40.71832	-73.90128
1849009654626746672	40.73892	-73.86367
1849010133527040242	40.75147	-73.8557
6969d756-33a6-4a0b-83d0-3db38bc382d1	40.64744	-74.018846
12279d2b-29f6-4e02-a7f0-244970f7edd5	40.7531106	-73.9279917
66dce8db-0aca-11e7-82f6-3863bb44ef7c	40.70767788	-73.94016171
1814901062206225038	40.65496	-73.93765
66dc8db1-0aca-11e7-82f6-3863bb44ef7c	40.70255088	-73.98940236
66dd2060-0aca-11e7-82f6-3863bb44ef7c	40.73232194	-73.9550858
eb217a2c-1dd0-4690-a34e-ecc1a708f883	40.637033	-74.022141
cd2d9dab-7708-4685-a56f-9412c738de7e	40.66034	-73.93618
81a98b0b-cfd6-48b4-90bd-806ebbc264a0	40.666439306870814	-73.9605563879013
66de71af-0aca-11e7-82f6-3863bb44ef7c	40.68506807308177	-73.97790759801863
1817822909864556798	40.77423301703027	-73.91274864321404
1869753484503987044	40.87512	-73.90126
66dbee85-0aca-11e7-82f6-3863bb44ef7c	40.68415748	-73.96922273
16e70b05-5b73-4930-9dcf-f79e5ce9eaf5	40.651173	-74.011405
1835246937517543544	40.76589	-73.87789
2124381939991318658	40.63349	-74.02976
83a5d761-57d0-4cd6-aa2b-7eb350120d99	40.827629	-73.886659
807e9f5a-49b6-4b7e-847b-4a60cff330ed	40.69714	-73.91566
4e9a1c3a-20e2-4fd5-b8de-fbf8d43e7bcc	40.66026	-73.96045
023cf549-bd85-4f9a-abd8-70ba29d7e86b	40.851788	-73.916418
f62526d4-9c6a-4c76-be76-c64b5be669d2	40.772717	-73.906127
66dd17a5-0aca-11e7-82f6-3863bb44ef7c	40.724812564400175	-73.94752621650696
1859088223746072684	40.6803560840434	-73.9476791024208
493e046c-5d62-4772-90c4-b6a9f4afcd39	40.69757	-73.93098
1814548067447122618	40.72693	-73.95863
c7604869-5b55-40cf-812e-fc97901bdf14	40.706563674670925	-73.9683187007904
56b3ca32-104a-4920-a879-a97a820858c4	40.66314	-73.9605695
c80c55c4-d623-42d7-8acf-6bfa68a84ecb	40.832678	-73.905158
4568f854-1268-45cf-bac8-82286ef40ae6	40.67486	-73.91123
ca5cc034-a95d-446e-8314-6691589886b1	40.71693	-73.90198
ab6aadd8-fa45-43aa-abea-c8e01ec5a0c8	40.710681	-73.93372
bcb08532-f0d5-4c0e-ad8a-4ddacc204791	40.69122	-73.91693
1834145589124844432	40.75085	-73.87509
66de1ea2-0aca-11e7-82f6-3863bb44ef7c	40.6740886	-73.9787282
e9b3a725-6963-4151-8f7f-9beeb51fa20f	40.70461	-73.91054
1831178352265562334	40.65326	-73.96172
74723006-b32f-4590-8cc7-f15eec3808fe	40.69146	-73.92146
3f05490b-a3d8-4d15-bd25-0212555b5dff	40.649037	-73.97673
47da6ab2-c841-4f2d-97ef-dd8d441c96b1	40.8604244	-73.9093359997
3e1bdcec-e762-4e83-b447-007f05923cce	40.7774552	-73.9225403
66dba303-0aca-11e7-82f6-3863bb44ef7c	40.69794	-73.96986848
1828968883163894358	40.7654	-73.88256
0fa27bd7-b182-4e7a-b5bb-90f4249cb368	40.7628138	-73.9342862
1851254468343716806	40.73715	-73.85614
d979131e-0b9f-4aa2-88c5-46d4ff94abc8	40.67522	-73.9061
f34ea09d-32f9-492c-9124-99059bc0b5dd	40.778089	-73.899558
1795146692060860976	40.82319448542357	-73.88762910982096
c602146e-d69d-43b6-9e8f-054c4df5377e	40.81872569990116	-73.88862490653992
191d5d54-de64-4312-99c7-eee141efa4ef	40.856987	-73.898237
66de4959-0aca-11e7-82f6-3863bb44ef7c	40.6783563	-74.00014502
0de1f95f-8b1b-4e5e-9eff-73c63265b0ab	40.76547569244953	-73.91811579465866
2124035976827702128	40.63537	-74.02342
99614ecb-2329-49fa-a13a-fa1ef2bb32d6	40.83999	-73.90549
1986707977001495180	40.78393602019729	-73.91273114065842
ec42fb3a-af54-46aa-a8b3-b17d72ed4475	40.7638753	-73.9364848
1814906692908349788	40.64466	-73.96322
068b919c-f649-4091-8e12-ccf37191cad5	40.835302	-73.895133
81bec993-29a5-4e70-8f60-eecdf16c7be4	40.70514807698391	-73.97078096866608
1786697771181570266	40.716425	-73.96594
a2ef8ed2-6031-4049-b7dc-9838ef39889b	40.819999	-73.897263
1871698223344654662	40.706732	-73.961241
1835250442210857240	40.66219	-73.94293
c3062f44-c5b9-4650-a4ec-cc66cbf5b944	40.87142	-73.88839
c71cca54-17f6-42bc-ba94-3f5bd9c70197	40.702969341552716	-73.98469090461731
517409d3-a94a-4140-a6de-ff0de9221ed2	40.817802	-73.905203
2124037125711300644	40.62354	-74.02817
6e5a8cab-cf1a-4584-8133-01835b56ad71	40.82441	-73.92818
4efda436-cd19-4ec3-acc7-1a622f723264	40.67853	-73.91642
66db4549-0aca-11e7-82f6-3863bb44ef7c	40.6917823	-73.9737299
1880643645302280466	40.675832	-73.963308
66de73fd-0aca-11e7-82f6-3863bb44ef7c	40.71907891179564	-73.94223690032959
1838070843306263244	40.75788	-73.85763
ff9581d3-3e1a-463a-bdab-d8150c468be2	40.774645	-73.923706
66dcc37f-0aca-11e7-82f6-3863bb44ef7c	40.6883337	-73.950916
cf1a96a7-f695-4ba2-bcf2-899552e21e47	40.67738	-73.90829
7779e057-b33e-46a7-8a1e-8c28bcd9a558	40.68491	-73.91493
837b7db3-55c6-4595-a497-834972631752	40.70998	-73.91116
93da4d1b-d574-45b0-85d7-5b82e2887267	40.640493	-74.02564
7a6fc75f-a605-4dd6-b567-b2bbbfb862f3	40.73145	-73.90022
1846085439406916338	40.74557	-73.8882
66de19ab-0aca-11e7-82f6-3863bb44ef7c	40.668132	-73.97363831
1814907590556515014	40.64269	-73.96099
1bb1af93-b433-4da7-8054-009c85f7755a	40.830179	-73.928747
66dc3782-0aca-11e7-82f6-3863bb44ef7c	40.71286844	-73.95698119
ca7ec509-cefc-4ac6-b729-08999d191051	40.772092	-73.895166
1815967442754883940	40.65074	-73.94986
1794852638057746848	40.72655	-73.90321
66de205d-0aca-11e7-82f6-3863bb44ef7c	40.6703837	-73.97839676
0687075b-cf2d-4130-a859-fe841aafbd3f	40.7552433	-73.9485678
816e50eb-dc4b-47dc-b773-154e2020cb0d	40.642703	-74.009441
b96507c5-7c90-499d-9c45-58f25d6f636a	40.839312	-73.922423
1962547377975794462	40.685957	-73.971468
1861678548643203686	40.84784	-73.883
640a9a95-194f-42f5-8d88-1df67129f388	40.837119	-73.902185
66ddec3e-0aca-11e7-82f6-3863bb44ef7c	40.663779	-73.98396846
1876800925490112950	40.84616	-73.89322
528ed1e0-75aa-45be-8afe-c3f1c950782f	40.72098	-73.90701
1840540852548303628	40.76521	-73.86483
4e747443-d481-4aea-a6d1-cf20204af4ba	40.838379	-73.905838
576abdc1-986e-48b0-bde2-051a13d3ff59	40.74431	-73.92601
1838071008881986168	40.75475	-73.8549
66dd01c5-0aca-11e7-82f6-3863bb44ef7c	40.7190095	-73.95852515
b4a320d6-2611-4940-96ca-17fb297ec826	40.79558	-73.91906
98ebf9c6-1d94-4e21-9007-c623875fdb5e	40.811675	-73.917037
1815968237323833702	40.64575	-73.94331
5526b855-dc09-4159-a20a-99651861a481	40.663493	-73.991007
44c23eaa-7ddf-40b3-8373-6f3880c5e1b1	40.843079	-73.900216
c3189056-8eda-4278-891f-e8e15c2d759a	40.6809741	-73.9710097
1871698348432996504	40.705774	-73.963252
481624f3-9377-4dfd-a5dd-de05a7fef760	40.834457	-73.928381
292ad4f3-9fb0-44ec-9e61-613c711f73c1	40.6791944	-73.9587903
9af90faf-0b9b-451b-9cb0-20ff421ca1d9	40.82394	-73.894025
75352ab4-8a31-4926-8b59-048a9e506452	40.70112	-73.93039
3eb10c63-ea4c-4161-b07d-a29034f7367a	40.809619	-73.917875
e35c42c6-8b73-4528-b08d-c94b75624b40	40.709897	-73.94008
a2cf5872-bd4c-4311-832e-d62fd779ecc3	40.65563	-73.95968
5a24acbb-94ef-4cb5-9db8-f6073ac26a2b	40.778557	-73.919046
1862002854876824190	40.74615	-73.87763
7a1ad7c0-4958-4354-91a1-11bf13348abd	40.72403	-73.90853
cb9840a3-4ae2-420d-865c-9ac45e2f5485	40.803399	-73.919763
bf880f45-422c-4e0b-b3b0-2b1f5ba94da4	40.83545	-73.90153
b713367c-3572-4225-b74a-9319ab537838	40.859532	-73.913303
cc5f0e68-dd5f-4db1-81c7-04a4d6674fba	40.844075	-73.917256
1096fc76-794e-4343-8eb0-0dd6c9a48266	40.87207	-73.88459
1786700154621508184	40.7277	-73.94395
66de1fe7-0aca-11e7-82f6-3863bb44ef7c	40.6751622	-73.9814832
655ad2f2-6bcc-4eee-95a9-4f528c0b81cd	40.78294	-73.93077
18415ea7-efce-408d-bcb9-4693fb088dda	40.71036129922581	-73.96530389785767
b79c8433-9dd1-4d68-9156-7f2c2162bafe	40.77301508291382	-73.91119033098221
26b3a82b-3487-44c2-85f1-eddb5a8a3a9d	40.75326	-73.90585
d040a7b3-85b5-4c0d-9c92-3f4ad0082143	40.838315	-73.912604
e85c3165-ad0a-44a3-9683-d8cf7575f465	40.648481	-73.97058
66dcc0b2-0aca-11e7-82f6-3863bb44ef7c	40.6900815	-73.947915
ed279ef2-52ee-4ff2-9a52-edd8137ea034	40.741119944681465	-73.92103672027588
66dd1d0f-0aca-11e7-82f6-3863bb44ef7c	40.72606	-73.95621
b4f990dd-36bb-46b3-9eea-4b980bd43c2d	40.86294	-73.90108
7f4753d7-8d58-48bd-a881-de5bff08b27d	40.7448	-73.89377
566a6389-5c22-49ca-8c24-4d9eea135170	40.642408	-74.013318
66de1516-0aca-11e7-82f6-3863bb44ef7c	40.677236	-74.015665
1828965347681089818	40.64521	-73.97073
922763d6-d73c-4678-8bcd-f42ee3a236db	40.66619	-73.93162
1835246658344669972	40.75712	-73.8722
d2b23c87-b7c3-48c2-a634-db4b76ecbcf7	40.6767	-73.93051
162d5859-b735-4ff7-9613-01b21f22c1cd	40.68700231292619	-73.97664964199066
1822663031356509142	40.64235	-73.96951
6476c5fd-611e-436c-9736-e0f43bb7774e	40.821075	-73.895069
6fb81fda-f0b5-4242-90f9-88d0214feb8d	40.85304455868985	-73.91830623149872
8aad788d-c7eb-4fca-a426-c39f47741a6f	40.66811	-73.9505
66de0cab-0aca-11e7-82f6-3863bb44ef7c	40.6747055	-74.0075572
581bc4fe-cf14-4767-8377-6fa156ff8a29	40.820036	-73.921411
1814907423052790164	40.64173	-73.96364
eb07bdfc-3a6f-40eb-96d2-0b92ac371619	40.66939	-73.94514
faf98f78-51ab-4248-b7e7-f402902385a6	40.749372273899596	-73.89738768339157
1f8f6714-42a7-45d5-86cd-a093c940b2c9	40.82713380423556	-73.9227358996868
66de63cd-0aca-11e7-82f6-3863bb44ef7c	40.6859296	-74.00242364
66dd26f9-0aca-11e7-82f6-3863bb44ef7c	40.74966	-73.9521
ad57266c-34da-43da-8b48-2ba856002fbf	40.69047	-73.923511
66de0a78-0aca-11e7-82f6-3863bb44ef7c	40.6725058	-74.00494695
754ac5df-f2b5-4636-8c58-ed84ea262bde	40.86571	-73.90857
180b83a0-329c-4069-87be-df862cb1baed	40.642031	-73.981073
595cf79f-7783-4373-b3d5-775bcf76033b	40.839142	-73.925961
84a7baff-415b-4ab9-a859-74c2801483ce	40.713811	-73.93515
69717638-5c4a-47a7-bccb-3b42c81eb09f	40.72368	-73.90458
901ad0c4-383e-490a-8b54-0656ce2358d6	40.762507	-73.902534
499e10ad-c008-461e-8cf7-20757218a9cc	40.757357	-73.904726
765ee572-6c7a-4ed3-a2d4-f1496ea53996	40.85556	-73.89615
c8c39d85-4ce7-46c5-b709-998067200780	40.87444	-73.89186
d470e82e-d109-4e2e-b66a-f5e944cbfe97	40.66852	-73.92284
1862788202397235246	40.87449	-73.90467
bfe5e69d-89ff-48b3-bf20-80cbdfa443e0	40.731734785883454	-73.9612390102593
c190f78c-77ad-469e-aecc-e2af7bb6d92a	40.77684387	-73.93463418
66de2199-0aca-11e7-82f6-3863bb44ef7c	40.6728155	-73.98352355
2124037250266884686	40.62254	-74.03726
59df3823-0369-4a10-8132-05df34a170af	40.693534	-73.981909
e152a2e1-c510-404e-a100-24246bb6cc95	40.7725996921817	-73.93266275525093
0f98907a-d4cc-45e0-b174-7d9dfda74106	40.75905795418586	-73.91897544264793
19b61564-7629-41b4-80c8-1756135a5442	40.81989	-73.908351
66dce9b5-0aca-11e7-82f6-3863bb44ef7c	40.70708701	-73.95796783
0dd71c6d-11ee-4ad4-ba99-36b9ad36112c	40.67313	-73.91387
1848241791125254746	40.74087	-73.86772
2a66ed0a-5e6d-4893-a1d1-876bb2bac4be	40.844811	-73.912042
372c592e-09d8-400c-9595-2aa3510f39b0	40.69676	-73.92302
66dbef15-0aca-11e7-82f6-3863bb44ef7c	40.69165183	-73.9999786
475c44e1-31e3-4c60-b071-af2ca3f7618c	40.67428	-73.9503
66dcbac5-0aca-11e7-82f6-3863bb44ef7c	40.6814598	-73.934903
1950648049868542106	40.86415477605928	-73.892452880543
29a41b09-698f-43e2-82ff-f94f73e74841	40.652512	-74.008906
7aa86431-bbc5-4d9c-8198-9630c9d32a22	40.644367	-73.984276
ef6216aa-d3c8-46bb-8c6b-b62f8ba51b16	40.6786	-73.90369
1860189650739626488	40.8561	-73.88625
2ebbe93b-a013-464a-b4a5-0eba96f89676	40.70117	-73.8904
1854538962214948918	40.74214	-73.85418
6542d952-ca19-410e-9290-ee6b7a6e14cf	40.86813	-73.88412
abc1311e-e000-4211-af9e-0cf92242711e	40.829608	-73.921461
f3782e27-c49a-4ee9-b188-0c13cad54688	40.81263616769319	-73.92924964427948
1dacb0f6-29f5-4d1b-b910-92ffa5b4ca5d	40.6707767	-73.9576801
82c85f05-4722-48ae-9f64-0522012eb3c8	40.836733	-73.887931
545a32d3-b74c-4dc2-b82c-a6d185dd4666	40.835334	-73.9154
62f8f806-bd04-4282-9c5d-ad4293644e3c	40.847798	-73.901883
823ef531-40e6-4397-b973-86bf5b032076	40.66929	-73.93679
525535e3-dde3-47b4-9c2e-0174eaa4f2bb	40.72558	-73.90417
c4e9905f-457b-4be0-a878-2aa53fa0b09b	40.704876	-73.919911
f681f980-185d-45b9-8490-bb2606624dd4	40.87387	-73.89533
38af3d1a-9916-46cf-b22e-86fc8648bf30	40.825716	-73.915585
1862008701134683118	40.85307	-73.88953
c2d549f8-f54c-4a0d-9ecd-6e6f79118279	40.69953	-73.88873
66de6346-0aca-11e7-82f6-3863bb44ef7c	40.6843549	-73.98901629
0bd9bd58-42e6-4680-9d19-83943372221f	40.638196	-74.013821
8caf71df-76c3-43fb-be98-d555d2291460	40.6794388	-73.9680438
4d24ab76-2f4a-4004-9fc5-09c00c1d9aa4	40.652657	-74.002356
1846085734612252774	40.74773	-73.86649
1817432434869846072	40.6487143313713	-73.95207855180962
1898751402035634700	40.65399	-73.92967
1f088432-0460-421e-a1d9-36890fa5396d	40.816126	-73.891559
ffae66ec-7c16-436f-bd0a-eedf81d580e7	40.87656	-73.88366
f5393bc2-36d4-4508-bf51-fa48d121f751	40.74091	-73.90273
1864605386632012480	40.85472	-73.89022
ba33c334-e17d-4478-ae3c-9c2f4dbfbb51	40.73568	-73.90387
66de2b2f-0aca-11e7-82f6-3863bb44ef7c	40.6777287	-73.99364123
1862008939006380034	40.85859	-73.88821
63a838a8-9acf-4ba1-91f5-c676f6ef2f7d	40.73396	-73.95204
b896d83d-5524-4c9c-a2aa-c1b0edaadc22	40.83649	-73.918316
b4b5824b-3c23-44b7-92a3-cec6a54583a0	40.83899	-73.9109
f401cd5f-cb41-41f8-a857-4a4dfe778f94	40.70166	-73.92754
2124036103510616644	40.62994	-74.03121
7938263e-e5b8-4ca7-b8bf-1adbaae5fead	40.811892	-73.904192
0630217a-3913-47d9-9540-cf85688296a5	40.7701477	-73.9120938
f3140fb8-347b-4dca-96df-eeef2d1bfc50	40.827230499624726	-73.91765579597632
61f2ffd4-159a-42b3-a4d9-3fdfc3349074	40.68858	-73.91227
8a89684b-40a5-49fe-b75d-fdf32ffa8102	40.818185	-73.894143
1d3a8670-09b3-4127-b750-af5311e565f0	40.842675	-73.908544
6fab98b7-b06a-49d8-a4d1-087ffce0ebcf	40.833246	-73.896599
1869753654337059182	40.87471	-73.91099
2126622241630343402	40.63005	-74.0255
2100948436010992354	40.734246796135544	-73.93776814411713
62b97c1e-9d06-4c5e-b9c3-d76099e37fe4	40.67767534	-73.96902144
66dd056e-0aca-11e7-82f6-3863bb44ef7c	40.7169811	-73.94485918
6d766daf-9298-4059-a329-1818582d495f	40.73866345465306	-73.94093804061413
1846086362824884662	40.73649	-73.86995
2124036994734951288	40.62561	-74.04079
66dced76-0aca-11e7-82f6-3863bb44ef7c	40.70924826276157	-73.96063148975372
1840504138040045682	40.75874	-73.87535
324e93c8-4f3d-4a5f-becd-00e6f49fe4dd	40.652502	-74.013587
5645b05e-85be-460d-8506-cacd20bff233	40.655716	-74.006664
37a37e5b-f975-4f92-a897-dca8e4670631	40.763328	-73.908782
633fbc4c-7617-47ba-a393-aad7a8d26a3e	40.6758329439129	-74.01472628116608
7f402242-dc1b-4a48-ba21-58c4fa7216b4	40.73169	-73.90159
41495491-5d89-4e14-aab9-c3db04aad399	40.74692675687384	-73.9208248257637
1828966626550010820	40.75886	-73.89081
dd482585-3028-453f-a98d-55019db9b26c	40.65708866668485	-74.00870203971863
78aabb95-6195-4aa7-ab0d-5748eeb26bd1	40.68906	-73.90506
d89dc10f-9be3-45a5-9c3c-06c04c963436	40.71246	-73.91873
66de25bd-0aca-11e7-82f6-3863bb44ef7c	40.6750705	-73.98775226
3a89411a-0bc6-4ba3-bc56-fab950c8eba1	40.702831	-73.9333
3db799ba-b574-4e5f-95e5-c767bec2acb6	40.816827	-73.917338
1d32e684-602b-46b6-8c96-ab47b57a03f3	40.678045	-73.962408
1799624430022654108	40.67487503856169	-74.01048018571481
457ea5d7-d643-4028-87db-46dee0b81555	40.72577	-73.94173
1854538387432581604	40.74535	-73.8558
1860188747953293684	40.84605	-73.88426
66dd24ca-0aca-11e7-82f6-3863bb44ef7c	40.74469738	-73.93540375
1826348248869574940	40.64958	-73.96316
66dcc8b3-0aca-11e7-82f6-3863bb44ef7c	40.69425403	-73.94626915
66dbe15d-0aca-11e7-82f6-3863bb44ef7c	40.694546087246025	-73.95801365375519
fda18503-7488-4b91-b74c-949a90401e83	40.73824937345944	-73.92737478017807
42c3bb6e-0478-4e4a-af10-151f5f4dffb9	40.7261	-73.90917
66de0d91-0aca-11e7-82f6-3863bb44ef7c	40.6772744	-73.98282002
6cd10426-b4e9-40e1-9b35-61f609190ac0	40.7711528	-73.9170074
a3d72b5b-9587-4f33-9722-c01e20a9b358	40.69502	-73.92825
4c03fa2d-89da-4f0b-8f19-c7de5edbe256	40.814673	-73.91839
b35ba3c0-d3e8-4b1a-b63b-73a7bb518c9e	40.698	-73.9127
1828967979464708718	40.74825	-73.87936
1851674198082642572	40.7408	-73.84978
33840944-aa92-4d91-9de8-d29e5cd0b2d9	40.685424009970184	-73.99127773940563
66de4bbb-0aca-11e7-82f6-3863bb44ef7c	40.6746957	-73.99785768
038b7369-9c6e-4eb2-8569-f7461443302f	40.67709	-73.9008
66dd1d9c-0aca-11e7-82f6-3863bb44ef7c	40.72708584	-73.95299117
493850bd-125b-49f5-932b-bf999504fb06	40.82188	-73.907521
66de5005-0aca-11e7-82f6-3863bb44ef7c	40.6704922	-73.98541675
66dd1c7f-0aca-11e7-82f6-3863bb44ef7c	40.72557	-73.94434
26cae473-0e59-4af7-bad5-bb6fec85c8bc	40.70183	-73.90625
af72ab76-c6cb-4994-af96-51fa8846ecdc	40.67423	-73.91656
d11b9869-8964-4b79-aafc-4b60ad1b44c4	40.700003	-73.92834
1875415144760576328	40.87995	-73.90536
1786698974100683436	40.716967	-73.956388
1786698321265653818	40.710709	-73.959724
1860189327773878824	40.85157	-73.88475
cbf76774-1276-4cf8-9442-f00571f1451c	40.696232971293156	-73.99142056703568
77e31650-e86a-4b06-b2de-b92df2a7a7f5	40.76535380385866	-73.93986314535141
d5cabb43-6c78-4022-964e-a8b02470509e	40.66318	-73.95076
66dd217d-0aca-11e7-82f6-3863bb44ef7c	40.73564	-73.95866
1869753057823626206	40.84649	-73.89616
ebae0b66-e463-4ded-9b7a-43c0aca9b37a	40.814469	-73.924963
17aba164-9d41-4336-9767-2218b8994ded	40.68044	-73.92842
ecbfcdb7-fffc-4d45-bed2-1510fd45834d	40.831444	-73.926226
1786697932047949952	40.713532	-73.9459867
1854537815365165328	40.74962	-73.86677
4d4a3e7b-1005-4bfd-8680-340a20cacbee	40.7692475	-73.9354504
a958a8af-a0cc-4bca-9114-93c74ce3c693	40.71882	-73.93948
cd72b9da-b7c6-4785-92b5-0fb2130f0d7b	40.848354	-73.918389
1843486390605672640	40.74638	-73.88322
bd30f2a1-38ec-474d-9e36-07f688e87427	40.72084	-73.94844
923a60f7-2a0e-4a31-8dd5-66c8518c929e	40.73985995699164	-73.92400324344635
94bcf812-5cff-460c-841f-54876ed1e7a4	40.67351	-73.93363
55146e49-9bc4-4f13-bdf7-25422342b638	40.839194	-73.888587
be435dfd-e859-487c-ae32-3d2b76d49a49	40.819823	-73.912411
92a51669-deec-45a9-8494-fafdf6356c51	40.771717105208275	-73.93159255385399
1887292564377354448	40.8601	-73.8866
753591ba-36f7-4ded-ab7d-40df9994a05f	40.68713	-73.93008
ffef95fa-600b-4f08-b2ce-e8eb034ebfd8	40.74349759836971	-73.91860529780388
1815967051912860522	40.65592	-73.94068
6908ae75-b9a1-4f20-b192-95dc43e858a8	40.70809	-73.89549
2010065065442370322	40.74653	-73.89121
d946ce73-5487-4ab7-b429-cf873e9af5b5	40.639421	-74.026823
1861680889400379678	40.87979	-73.90164
1908785111291682996	40.703681	-73.95427
64de0666-b9ab-404e-a16b-03e449bb5b4d	40.68705	-73.92338
2121032973750651666	40.63899	-73.98074
ddc8ca6c-dceb-4603-ab1e-4bd972ca2a3d	40.63593237994821	-74.01975896253617
5f2766b0-362e-49e5-ab09-05e2c4b6f626	40.8740704	-73.8833650931
0ebdda6a-37e4-4ff4-94e8-3947f49d8e24	40.69385	-73.90974
c4d6b123-df5a-446d-b0ae-d3c4846565d5	40.83617913677475	-73.90730146322765
dccab832-b4a2-4105-927d-b52ec0d92c92	40.654098	-74.001131
40914c6b-293d-49ac-b83a-d9d4af998aea	40.815887	-73.911918
66dd20eb-0aca-11e7-82f6-3863bb44ef7c	40.73266	-73.95826
324af152-33ea-48a7-8bb0-ad8b6f31571f	40.68512559515415	-74.02535319328308
d837d1b0-8f80-4f6c-ae45-5dd0deec6977	40.74283	-73.9321
2124426189188761638	40.62021	-74.02717
1851674088959433552	40.74454	-73.88112
1880643915885220532	40.670529	-73.958222
6651fc84-09d1-4cdb-a8d5-7d6345fb3466	40.73707	-73.90077
1846085533896197012	40.73832	-73.87913
54782566-697b-497e-a503-dc1f39963eb2	40.764174520197685	-73.91583994030952
7cb65297-c880-459a-b054-4e059576c02a	40.642501	-74.006055
1849008925260421550	40.73856	-73.88553
c29c9178-bcb1-4c0c-b789-f4a89512a4e4	40.823162	-73.923267
b9deb521-41b6-4f8a-ac78-0e58e3977f2c	40.69465	-73.9343
2868db5b-df51-4c36-8515-ef77a5b092c2	40.70538	-73.92535
48b19cc8-bf45-4602-89ac-a8c0a0560c43	40.87704	-73.88943
2009671276352543716	40.753935004830225	-73.88390148299196
1864605659096685518	40.87555	-73.90212
77463580-6421-403d-b170-f2660c216175	40.69543	-73.9196
1828969726487003714	40.75397	-73.862
66de1368-0aca-11e7-82f6-3863bb44ef7c	40.679043	-74.011169
4a4c7548-2466-48ef-8d7e-0aa4d6acb69e	40.67872	-73.91105
4543214c-c9d4-4f20-9cd9-dd05cc365931	40.700119	-73.9862
0cde9bcd-0dcb-45dc-9c9a-3e5485b5452e	40.74193	-73.90913
0cc38ba1-4625-4821-9a6f-e490525cbce2	40.660906	-73.983074
66dc0bbd-0aca-11e7-82f6-3863bb44ef7c	40.70224	-73.982578
1835247745828931742	40.75404	-73.86887
1945126257666675246	40.68636	-73.95678
06f0d251-e1e3-435c-8c5f-9b991a14ca4a	40.764496	-73.904632
145bbc0d-8976-45ae-9565-158ba564d3d1	40.702013	-73.923769
2121032507515216178	40.64369	-73.97163
66de4f9c-0aca-11e7-82f6-3863bb44ef7c	40.6705135	-73.98876585
c530a1cb-7c60-4651-be8a-9bfa5eb43f8a	40.84224	-73.8985
1854538793462575652	40.74046	-73.8565
66dd266a-0aca-11e7-82f6-3863bb44ef7c	40.74718234	-73.9432635
1834145868297717964	40.66509	-73.94824
1841926579628419438	40.76399	-73.8669
66dcbf69-0aca-11e7-82f6-3863bb44ef7c	40.6851532	-73.94111
1880643497376459348	40.677358	-73.97211
8f672aa7-08a1-4fe2-a471-06f219c0eb1b	40.801657	-73.909513
1864606193814670106	40.88492	-73.89084
1a083890-e22b-4f81-8d98-567784034916	40.86156	-73.91219
52dd11f4-bbd0-49ab-912b-06fac40d275d	40.657265	-73.974165
2111353842893366258	40.76194	-73.92513
9b721468-3b28-429d-9e13-580cdf00a6a4	40.707165	-73.923711
5eac53d0-5510-441a-9dbb-76bd38acf4ef	40.87156	-73.89714
a37bd0e0-d1e9-4302-9ff7-286e415aff1c	40.72419	-73.91244
2007842506069575758	40.87826	-73.90508
1838685618105506490	40.76454	-73.87171
e6b6c6e2-5fcb-47cd-8f2d-4324b7c977c8	40.77336750284339	-73.91382560133934
15e1568b-f502-47a2-9d3d-b5aaa1edc239	40.70929	-73.89441
03872f6b-a522-4c41-a4f2-5d0c41779e7b	40.67372	-73.92199
b03adb87-2bd9-43a5-a822-7d06a9ee2d81	40.706237	-73.933871
1838071090619298218	40.7532	-73.853
62e2b1dd-ca52-4e1c-a112-1d8846b9d9b5	40.650739	-73.977739
94771406-6712-4508-9392-11e9d90e1185	40.72155	-73.90295
1877920686883352866	40.73466	-73.86501
1849009244468810224	40.73813	-73.88104
eb8fcff2-6f58-4724-b564-ebc9a8d374d8	40.65666	-73.93109
85ba92ab-8d0a-4d17-9d07-0173e16d3b6d	40.68814	-73.92693
7a771842-c090-4da1-8c13-72b7f4f50a87	40.7239567849954	-73.94984364509583
8f72fe26-98aa-4e87-a612-9ae0eb1d9a38	40.75201	-73.89986
d08be53f-9691-4d6f-81f3-7d052abb7dd6	40.6667	-73.93972
1786696564295760054	40.708323	-73.948732
17ba4945-b202-4667-965f-211d80622646	40.69985	-73.97141
7f1b4c40-d9fa-4182-be0e-a993655cfb6f	40.807408	-73.91924
1845677022981917240	40.64483	-73.9613
fec4aa1b-9fc1-4dd9-ab39-c1d7370a6e54	40.813991	-73.8855
66dea52b-0aca-11e7-82f6-3863bb44ef7c	40.71335226222875	-73.9491033554077
1865017865553426604	40.64378	-73.96867
2126579619522812246	40.61919	-74.0402
2132211694027383298	40.61717	-74.02744
2124037656159914878	40.61529	-74.03779
fd0e86e3-079d-40aa-8231-ec2cbdbd9e7f	40.655278	-74.003101
ab5c5ee6-9c4e-4aaa-a14e-d236d3e01d9a	40.74534682580983	-73.9219419658184
2142879485385917038	40.68841885589487	-73.9931417101234
e4980fd0-e540-40ca-acba-c2a74f3294fc	40.656633	-73.983864
a76299eb-73f7-401c-aa8b-edff9ef003bd	40.68825516598005	-73.99545192718506
32c60668-a192-4d06-aa7c-6d6f7aed6b45	40.7671863	-73.9373554
a90e9ad3-4347-4fa4-b031-9bf1f69ce049	40.74732	-73.91197
1898455214498195676	40.85466	-73.9015
2123939659270367896	40.627	-74.02948
1814906873296976512	40.64741	-73.95933
785b3e6b-dab5-4d25-afab-e2a1ef918669	40.74451	-73.91412
3f878b81-324e-4673-9221-43d34647e76f	40.671907	-73.993612
1893519215751496610	40.6535	-74.00902
9991b75b-a9ba-4abc-bf84-0108291be05a	40.644718957635746	-73.97451460361481
1814900898997467540	40.65577	-73.9432
ea9a19a6-acea-4286-a723-b5481c90a3c0	40.65969	-73.94517
66de103b-0aca-11e7-82f6-3863bb44ef7c	40.67363551341504	-74.01195555925369
1786697166576476490	40.720253	-73.957082
1836581441921155232	40.74937	-73.88714
66dd2786-0aca-11e7-82f6-3863bb44ef7c	40.75052534	-73.94594845
1786375597504305174	40.722767	-73.957021
1835247469495105628	40.76447	-73.87369
1804894168423871442	40.82090903827738	-73.92753845245076
1849009534951225816	40.74448	-73.86516
1820420224296772166	40.64491	-73.95487
81640d04-c36a-4fb1-98b0-85be10be516c	40.67686	-73.93327
1838618090943186984	40.75727	-73.89024
79399e32-a6c6-4732-8ad4-9f9140a86b21	40.743366080270214	-73.95960688591003
c45aa693-fedd-478f-ade9-bf176c4e32ff	40.66559	-73.93712
956de8aa-9e06-4efb-8eb0-35fe9b274a48	40.71592232709503	-73.90601366758347
1871972060496771504	40.87398	-73.89943
f882ccc8-45aa-426b-aef6-514fe1d3d9cc	40.751555	-73.915026
1820420022433309054	40.65302	-73.94599
8d2eff37-be09-4b46-a95d-abff89e16d56	40.666168	-73.995549
6ae35aa8-644e-4b2c-b6a4-6570192f78ab	40.853646	-73.908731
1876864480506022446	40.74249	-73.87809
7f3aa940-18ef-4900-89dc-cdb05f693f31	40.68494	-73.92299
1815968422007427668	40.64535	-73.93268
1860188607062574024	40.84463	-73.87988
dadd2084-d844-46f5-b7a4-128d31eeba8e	40.8604787	-73.9057169936
989fdf95-cfb9-475c-ba0c-3152fd3a16e0	40.651654	-73.981231
1786687245202023014	40.729803	-73.959099
5f968a1b-ee60-43a0-ad25-05211e09e436	40.68652	-73.91321
66db3708-0aca-11e7-82f6-3863bb44ef7c	40.70277159	-73.99383605
1819720453019329398	40.64873	-73.96084
31f340f3-3201-449e-b017-a26813aa448f	40.644743	-74.003754
fea72f55-d296-47af-9446-149688dcccbd	40.83169292241844	-73.90210601220633
3f031133-ec95-4a92-9d63-2ae28183f498	40.65629	-73.977335
66dcf640-0aca-11e7-82f6-3863bb44ef7c	40.71469	-73.95739
7380e377-936d-47d7-8abe-0f666d47465e	40.84207	-73.926075
1861683747231494964	40.8692	-73.90121
bb6bba3f-19a0-4ebb-a454-4ac678d9d62d	40.6705	-73.9308
1860188069348460678	40.84096	-73.87923
380394f7-64fa-4a65-a4d1-7bcaddd41fab	40.642622	-74.016866
2121033322026834516	40.63828	-73.9765
81a34754-ae08-47a6-964d-4733849a8fab	40.818743	-73.890247
8a13182a-4823-4fe7-afcd-a4ef0b134ed9	40.843264	-73.904867
2121032193446634360	40.64417	-73.98923
fac701fb-c433-496e-933b-ea137dbe7fe1	40.85834	-73.91008
679dcf08-d88c-4d1b-b81d-fe9f4aabbff7	40.68822	-73.91966
a724eb92-55ca-4b9f-9a87-c2e87b3cbd40	40.850036	-73.912785
5d994b32-b7a5-450d-9bbb-93bf3b03e6d5	40.827301	-73.896372
36025f2c-ee4d-4c1a-832d-733cf37f98ef	40.861915	-73.894831
80969478-8dbc-42e1-8e16-ac0132a431c2	40.648055	-73.972432
0197e9da-ae03-40a7-8270-fe500bfc9e18	40.828199	-73.903719
1202a491-9f76-4609-9b5c-eb7723ab5b45	40.71921	-73.9124
1843486667668726558	40.73672	-73.87728
b7c6ce96-a24d-4c1e-93ee-6f49c1adf119	40.82809	-73.91288
1828965887815635862	40.7488	-73.89451
18326827-dcae-47e0-8518-c4bb9e21eef6	40.64243139706092	-74.0255355834961
1869753340438110380	40.8535	-73.88177
46dca5c6-7bd3-4a4f-aa1e-33aa66652294	40.7413272	-73.937999
48e7e465-f861-452a-9bf7-7eacd0b2bcac	40.650176	-74.015606
ebce9ecb-9678-4c42-89d7-08e54bc6fe90	40.820578	-73.888271
1885718199416500650	40.85391	-73.8866
1859811213834095332	40.74336	-73.85129
1817432233006383832	40.64435	-73.96591
a23a40c3-6da5-4b0f-bb6b-8bfc01ec2261	40.82057	-73.917579
5e93b806-08e1-4ef9-98ae-d3dda20e0469	40.66876	-73.93376
02fb0f6a-b1dc-4e1c-97f8-fe70462670a3	40.651566	-73.972212
1906951766876655628	40.6739411	-73.96026
d7f55e1b-12db-49d1-9cd8-4fb464745841	40.74589	-73.89915
d52d4171-fd60-4a28-b7e2-89f3693e0591	40.71435	-73.91405
999865d2-0735-4e85-a9d4-00810231530e	40.697950315695444	-73.97077560424805
1814907062275537820	40.64499	-73.95818
3ff00115-e8da-4326-97d3-7bf4fe4df7a5	40.68452	-73.92011
2124425670552673214	40.63283	-74.02439
1817431953833509324	40.65237	-73.95623
1947001743402778700	40.697576	-73.948881
0eacb768-c7d5-4499-9182-9a1331d9280c	40.666197	-73.992466
2104278402820534724	40.704613	-73.940865
66dcf023-0aca-11e7-82f6-3863bb44ef7c	40.70934	-73.95608
1846086463217404850	40.73628	-73.86752
9c2a741d-7f3e-4aa1-b58b-db5c3e6bcb20	40.833909	-73.92112
efa2a82f-eb4a-4b82-a602-6c42cb984101	40.66481	-73.94269
101c813e-02a8-4b6b-bd5d-981c1ea62019	40.67568	-73.91396
1817432954560889524	40.64483	-73.93853
b319c797-71ff-490c-b965-ba2ac0f50da0	40.74679	-73.90893
1838070626762830158	40.76196	-73.87042
9b4a92ae-cefe-467a-8e35-5ce02d4f3a45	40.831998	-73.892686
9e0b3452-ef6d-4e94-8c05-7bef199cdb74	40.74252	-73.948852
f06c01c3-fd7f-443c-a0c7-fc9233d77f6a	40.633385	-74.016562
66dd18dd-0aca-11e7-82f6-3863bb44ef7c	40.72179134	-73.9504154
1828964993433043090	40.64949	-73.95408
4753c893-e4bd-4d6a-bc4d-42209a19ebeb	40.855156	-73.91278
2b33334b-243c-4a16-a6d2-32304c8884f1	40.847746	-73.922079
4d674595-187c-417c-a691-676c4446c9fc	40.807347437082	-73.90809774398804
b47e5ffd-4215-4476-a89b-ebe52111f763	40.757284	-73.9536
1860189190334925058	40.85198	-73.89438
66dcca0d-0aca-11e7-82f6-3863bb44ef7c	40.69539817	-73.94954908
2018303498843153278	40.75177	-73.94821
1828967346753327602	40.76109	-73.88838
c56739c2-b310-4d73-ab0e-b6036abd9561	40.755389	-73.911517
868586b3-ddc7-4b4b-9bed-a1e487033aaa	40.687880939612775	-73.98939281702042
1851254360969534132	40.74841	-73.8751
2127386600787000162	40.86744	-73.89198
189f573b-a2d0-40d2-af15-83c5015d93e2	40.647379	-74.000911
aa0e6301-4162-428d-8943-7b684089b0d1	40.825737	-73.927311
8ef6ec7d-e898-4edc-8f3f-af888f8c5ef4	40.87307	-73.88971
1a5eae13-8f27-4875-8330-a796c95f8ad6	40.827184	-73.893721
66db89a3-0aca-11e7-82f6-3863bb44ef7c	40.689888	-73.981013
9ac5758f-0419-4e28-8387-6bcd28db17fa	40.808633	-73.916124
d1c204d7-d575-417d-b134-6ebdf7e99f98	40.76072	-73.910989
1882735457106787122	40.749207	-73.949373
5600446d-a00a-45e6-9dc3-550adfd63e39	40.832812	-73.929372
ace80a8c-6196-484e-8dd0-061e3c90389b	40.68139	-73.90756
2121032708855884414	40.64078	-73.97395
852218fc-5e5b-4153-bc3f-03760b57e68a	40.830051	-73.892103
66dd23a9-0aca-11e7-82f6-3863bb44ef7c	40.74524768	-73.94733276
87091002-cc25-452a-b5d9-f8d0c3fce422	40.701573408737914	-73.90876293182373
b1e496f1-43cf-48d0-be49-ab0d760c00bf	40.70311	-73.89547
68827e5f-ed28-45de-99bf-66093a8c504f	40.67242	-73.93094
1814900752968579218	40.65458	-73.94716
330ee4e3-29cb-48e5-845f-a8ccf1aa2ce6	40.771203	-73.903865
a6a132f9-89bf-42a4-afe6-1ca449b7f570	40.69812	-73.90271
7d9a1b9e-0123-4561-a111-b3735fada687	40.837213	-73.908345
1843486189591985058	40.74718	-73.88675
66de88d7-0aca-11e7-82f6-3863bb44ef7c	40.692418292578466	-73.98949474096298
1786699974232881542	40.73224	-73.94383
66de110b-0aca-11e7-82f6-3863bb44ef7c	40.6765304	-73.97846879
1848241963446241866	40.73727	-73.86415
66de59bd-0aca-11e7-82f6-3863bb44ef7c	40.6827549	-73.98258555
66dcccfe-0aca-11e7-82f6-3863bb44ef7c	40.69957608	-73.94708417
1834145468418707676	40.76424	-73.8812
f3b359e2-7983-4aaf-b6b0-e3b7d30816a4	40.702997	-73.92997
514afe43-84d4-4941-8281-75a93c5cd365	40.831584	-73.9149
9d23b0e9-a478-407c-a0e0-0aff1b0398fc	40.69922	-73.89795
40eaa69a-d3ab-48fc-b395-b5bdc6a1aa85	40.7423737	-73.9566
a82cc641-0926-4a63-b488-7060ab7dcd74	40.7448062877224	-73.91728967428207
ffaa8f6a-a4ea-4d3a-a57c-f42f77cd4581	40.67854	-73.91367
2123939077451327830	40.63487	-74.02625
9a37d8a1-990b-484c-9603-262dbd1165cc	40.7107	-73.90525
e6f3c665-0c87-4f34-a5e8-69baeed7b7bf	40.71391	-73.90299
514f3dda-4d08-464c-b2d4-5706d400065a	40.749478221834764	-73.91826465725897
a70b26b7-fbad-4787-bf15-29f7b13a19ab	40.783956	-73.916894
467e1de6-73a6-480f-9e83-fd1b03b71047	40.716657	-73.93637
d11db4cd-f9bf-430b-ac19-104fef323b24	40.70886	-73.90182
66de44ba-0aca-11e7-82f6-3863bb44ef7c	40.6830456	-74.00348559
1875023224873448258	40.76768	-73.87899
1945125910957847430	40.693022	-73.94868
ed5c92f1-3293-4385-9e2b-9b716a096a19	40.673134	-73.969106
c02864f0-2611-440b-98f4-45fddfd545fe	40.772899	-73.896849
1860187430946456420	40.84311	-73.89149
1877653505745721834	40.74325	-73.89079
9719498d-bd5c-4424-86ac-dfe0795c57d1	40.754795	-73.917014
1843486597735840252	40.741	-73.88027
2e5cde21-f0a2-4396-899e-6df275e99212	40.854123869116	-73.89932222664356
d2024260-cc58-451b-9417-3a695f8a1b34	40.78001336610564	-73.90667617321014
b64eb0a5-d6d4-4f45-8c9a-e2d004819c99	40.759604471387945	-73.92714411020279
0e5be726-2452-42a0-9be8-ea85c8408e4c	40.763154	-73.920827
1975559886658995034	40.64865	-74.00646
77b21502-a7a2-40b4-8f3e-f9c6c6ef0939	40.75053	-73.8977
b930dd82-92d0-4d86-b896-7d8b827c2d5f	40.67639	-73.92748
426862de-f8f2-4967-ba41-76680a4b460c	40.837037	-73.890413
e10a6e12-d98c-4625-940a-9f83d9b2f6c4	40.775415	-73.900063
66dd243c-0aca-11e7-82f6-3863bb44ef7c	40.744363287066875	-73.9558732509613
1854255035042870020	40.74952	-73.90265
0927e331-866f-4d99-99b4-04edde99117a	40.7739825	-73.9309134
1934770108420609000	40.843099	-73.889927
66dce4fc-0aca-11e7-82f6-3863bb44ef7c	40.70411791	-73.94818595
1862759079900600428	40.85118155499655	-73.91465058978447
c0a2d591-4eed-488b-b88b-0b23990e3756	40.850535	-73.901318
e982e1cb-7e7b-4769-85b8-565925200654	40.68012	-73.93168
4775fd25-2240-44d7-884a-d777d15a9b5e	40.825322	-73.887729
66db3f62-0aca-11e7-82f6-3863bb44ef7c	40.69327018	-73.97703874
1786697528321024934	40.719876	-73.963865
35b8b636-18d3-4860-b0a9-39c0bce96a10	40.757186	-73.932719
94624d6e-4150-4ab1-92ff-bf55cb58ab61	40.834124	-73.88955
cf284d60-23e7-49ec-91dc-8bfedb59cb6a	40.851747	-73.908964
1835249317786962140	40.75055	-73.86725
3db2fa34-0b56-4644-9ae9-bbee1583e717	40.80046	-73.92404
f752c376-3a6f-4cd3-b9fd-3c049d45a9a6	40.829797	-73.931015
1815967674683118258	40.65182	-73.93135
db91c9e0-d80b-4cb4-9cc2-9453ec8fbeac	40.84301	-73.91172
22e38a04-e70d-4484-bbf3-f6e8c64fdbd4	40.658489	-73.985543
2126623199408050430	40.62691	-74.03564
c0a3b8fe-ba64-4cbb-b010-f760998d6c3a	40.815077	-73.899939
52e81f02-b1f9-45d6-9e5c-e15277de1268	40.776745	-73.906558
fb180cce-96ee-4e66-b3ce-000f3db6e670	40.66959	-73.94237
2121032035614514006	40.64067	-74.0294
29223935-a682-411c-9f25-577bbb9804fc	40.70539	-73.92976
66dc8768-0aca-11e7-82f6-3863bb44ef7c	40.710451	-73.960876
e666a344-1afb-4512-b2e9-2fc5ed71be2b	40.776168	-73.910485
6ca15d94-897a-4c81-ab47-366829afb7c4	40.69811	-73.90904
711ccb32-e1bc-4577-ac7b-50592cc9b8a0	40.646475	-74.026081
66db5e6a-0aca-11e7-82f6-3863bb44ef7c	40.69766564	-73.98476437
3299ff79-36aa-42ef-b7f1-c40e95c8f570	40.7729	-73.916142
b9c209b2-6284-4f5a-a32a-680ef9da1c1f	40.745502	-73.909887
66de542a-0aca-11e7-82f6-3863bb44ef7c	40.6867443	-73.99063168
bdcbd89b-9ae0-461b-aa1d-7db7ead07400	40.677027	-73.9865
1848241425697670086	40.73481	-73.87431
d67375ea-3f93-4996-b0dc-f542341f2e6a	40.74562	-73.92402
01b7973e-c92e-4fbe-890e-2c24de33ce0e	40.68374	-73.9261
b7df61c0-8ead-46cb-9d6e-a6a3011ffb71	40.7611488	-73.9170071
66dbebad-0aca-11e7-82f6-3863bb44ef7c	40.695065	-73.987167
66dccad8-0aca-11e7-82f6-3863bb44ef7c	40.69681963	-73.93756926
afd76a0e-ceb8-4d18-a427-b378c4d07a75	40.702709	-73.99253
1856847127505992556	40.74984	-73.86156
398aa734-3893-4dba-a704-57ae8632c4f9	40.761294	-73.909562
50e7c057-9c78-47d2-b66a-8a9180ce9734	40.697481	-73.935877
956e9f8d-d23a-4a0e-bf28-84180e818af7	40.676513	-73.959431
94f77501-32e5-4539-90c6-82d4198f7991	40.69400964865994	-73.99465128779411
1861683496445528180	40.88417	-73.89793
1846085927885781554	40.74154	-73.87484
1815968147129520346	40.64683	-73.94933
2126621966735272262	40.63121	-74.03318
2124037775602344266	40.61327	-74.03315
2126274308236524392	40.61451	-74.03502
f4f9a09c-010c-430c-a766-3390c44b4962	40.86648	-73.89042
1860189813948384088	40.8579	-73.88147
8b1222da-612f-4482-ab34-9467c4ed28e3	40.805089	-73.918889
1899178885660253096	40.7396139	-73.945151
b94d0241-bce7-44a9-ab1c-ece0740a4134	40.7601853	-73.9362726
c066c90a-efb1-4f8b-aa15-38ba4edd4ebc	40.67686	-73.93607
1815967159287043052	40.65007	-73.96001
66dea674-0aca-11e7-82f6-3863bb44ef7c	40.71638031973561	-73.94821286201477
844c68cc-19f0-474a-86d3-4af170117aae	40.877964	-73.8847550291
66de5095-0aca-11e7-82f6-3863bb44ef7c	40.6704836	-73.98208968
82dd89f6-1e5a-4a8f-8660-13cb64349e94	40.832649	-73.885272
ba0a4ada-c9f6-48b4-a7b3-7220f6fb88c2	40.839549	-73.913004
66db44e5-0aca-11e7-82f6-3863bb44ef7c	40.69474881	-73.98362464
66dd546c-0aca-11e7-82f6-3863bb44ef7c	40.698617	-73.941342
1861682444178541220	40.88524	-73.90077
1851674145014649512	40.74713	-73.85502
1860187181307969634	40.84731	-73.89981
be8e6f1c-e8b5-40bd-896d-423052ba3bbc	40.70863	-73.91497
1846086138339179502	40.74875	-73.86285
66de08c9-0aca-11e7-82f6-3863bb44ef7c	40.67434	-74.00194698
3863f086-ae35-4d0e-8c91-2b6e3e5827a1	40.71766197083994	-73.94880026578903
dfad8e49-7e1b-4376-90b4-7a449319f294	40.74622874694195	-73.91616314649582
a3e2b360-f050-48ea-b8c8-57d897b8f7fc	40.70577	-73.91292
45865207-8700-4ef2-99ed-b08889ef0250	40.772768286288304	-73.92743647098541
66dcc047-0aca-11e7-82f6-3863bb44ef7c	40.686312	-73.935775
fd081854-3f37-420a-9785-ea63c09c12ad	40.68565	-73.91564
bfbd1f09-afd2-49d2-8674-3a07b3c929a4	40.71019	-73.93734
4bbf50a9-47c2-4a32-97c2-1f6bc4f9d401	40.861748	-73.89105
623c9658-5544-4254-847e-738763cf45a3	40.742218349960964	-73.92935156822205
40fd82d6-c0e9-4876-adfb-816140ecfc39	40.648005	-73.979342
b608193c-46ae-4b61-9e7a-4671e7c3b96e	40.82675430693443	-73.88871818097057
59e3766c-0629-4ff1-a1d9-bc0514a55487	40.68319988172761	-73.91166642308235
66dded7a-0aca-11e7-82f6-3863bb44ef7c	40.6663181	-73.9854617
f91170e6-a33c-4870-94da-9d51510515d2	40.826303	-73.898751
1869439368558197224	40.6991049	-73.960633406
1893542109140147108	40.65153	-73.96277
66dcfaf6-0aca-11e7-82f6-3863bb44ef7c	40.7160751	-73.952029
d7d297fd-36dc-42f2-8e3b-24b1003be874	40.770888	-73.889914
cac843c2-8b21-47bb-a3b9-712f95d7f7aa	40.70686	-73.92851
a4bb6fac-b795-4aa7-a266-613419019290	40.830262	-73.923391
66dc192f-0aca-11e7-82f6-3863bb44ef7c	40.70853074	-73.96408963
3c135a2e-eeea-4e81-9c0a-8d14a6049198	40.65815	-73.95674
66dd1585-0aca-11e7-82f6-3863bb44ef7c	40.71924	-73.95242
35a5b4d6-2d90-4b60-b68b-03bb60fb1afc	40.659053	-73.98854
1861681121800951962	40.88224	-73.89136
9d95a4a9-bcfe-4189-bb7d-abd9992ecbaf	40.7633589	-73.9286471
dd351a72-4241-4275-843d-0fffa8a1f414	40.672695	-73.954131
66de5ace-0aca-11e7-82f6-3863bb44ef7c	40.6793307	-73.97519523
db29242d-6ff3-4e22-85fe-45fa3d03ec39	40.73737	-73.91803
66ddeffd-0aca-11e7-82f6-3863bb44ef7c	40.666287	-73.98895053
1828965671716082498	40.64454	-73.94486
df243d7f-e6ae-435c-9895-aecbcff9cada	40.81899	-73.90202
c46a2889-258b-4fc5-a452-1d4e7dfe683a	40.82696	-73.907451
2b54cb2c-31be-4620-a13c-0fa72b58c90a	40.6721683	-73.9609
e3e6105e-eaa2-43c5-badb-fb8592ad7227	40.754139	-73.919543
79c4a612-a5df-4814-9e6b-6305da61ebc4	40.840536	-73.919228
66db74a5-0aca-11e7-82f6-3863bb44ef7c	40.69610226	-73.96751037
1b985e4b-88de-42a8-95be-dce37dbbc5c5	40.84833	-73.90971
2127386446510160022	40.86941	-73.88994
66de5613-0aca-11e7-82f6-3863bb44ef7c	40.6864442	-73.98759104
66dc4599-0aca-11e7-82f6-3863bb44ef7c	40.71260486	-73.96264403
7a725e59-49be-4c1d-9c3d-3b3a8ed1232f	40.760083	-73.907107
66dea596-0aca-11e7-82f6-3863bb44ef7c	40.7103685423523	-73.94705951213837
afc79a38-e26d-48f7-94e4-d0aca8fd1c49	40.74324	-73.908
1828967830172187422	40.74797	-73.88204
e612122d-e0fd-4ebf-8d51-0f48f9d1b580	40.705614	-73.92153
1840540966407039246	40.75397	-73.85748
787fe4b2-6029-4f71-917e-892479d8d64e	40.7388	-73.90338
7a8b474b-7577-4316-a192-d57576d194a3	40.74521	-73.90462
66de5e5b-0aca-11e7-82f6-3863bb44ef7c	40.6750207	-73.97111473
e0b80983-c520-47e3-9c8d-a17fff5e5582	40.834015	-73.908863
582cd775-0178-47f5-b707-6d5869f077ba	40.69178	-73.97877
b516fedb-3ced-4683-8c17-7e5f6dadf04d	40.6893952	-73.9995126
9b70cbe2-25fc-42f8-b6e6-ac21ef248e4b	40.67669	-73.94437
d47c856e-8cda-4da0-b8eb-1ccf0e6ef7ab	40.698458	-73.997178
45e8c326-b12d-4be6-b040-bb6de9986d25	40.70108	-73.9179
1854538169357726138	40.75951	-73.86491
8fa2fafb-fa07-48b2-b159-bffbea7176d4	40.69723	-73.89811
1835247196073118026	40.7702	-73.87587
d1138533-504c-4d29-b71c-299e1d31f159	40.673746	-73.985649
1869439561831725810	40.69928	-73.953259
5736cd70-be41-483e-8d82-721874f40e6e	40.67297	-73.93896
1885442082749874736	40.84761	-73.90745
0109f17a-2378-4500-9648-88bdb31ec612	40.67977	-73.9847
1828968794479100296	40.76328	-73.88404
1875672501601550456	40.702726	-73.94984
f3c68cfb-52fd-48c8-b6e5-85c179fee0b3	40.715341620424475	-73.93865078687668
4034789e-b70d-4aae-bf18-3ed37a4d751f	40.785994	-73.915098
eb41a103-0196-4f19-a440-256167191a7d	40.849629	-73.919205
59ad8f95-32a4-43de-b1c3-79c667b2d2df	40.756540051858984	-73.929555582706
bbaae5d3-7e2b-46a8-872e-152404c664f7	40.754176	-73.900318
0f536c08-dde3-40af-a66d-1fe1e7edecd2	40.83173	-73.922394
1828967027013302842	40.76466	-73.88803
1861271680294357158	40.68967018552252	-73.97527355121376
18846fd4-877c-4971-9b6f-1bd8fbc10346	40.73781699881193	-73.93024072051048
66de5773-0aca-11e7-82f6-3863bb44ef7c	40.6853761	-73.98302136
38bb1218-0a9e-41d9-b2ef-25c8626dac29	40.813224	-73.930605
66dcc30b-0aca-11e7-82f6-3863bb44ef7c	40.6894932	-73.942061
66dd2208-0aca-11e7-82f6-3863bb44ef7c	40.73555	-73.95284
cc758f1a-8b28-4ff5-bc75-fbe62c453378	40.7713937	-73.9077436
1057229c-f8f8-4014-80cd-f40421c61cf0	40.70413	-73.90737
203d7b9a-8666-4af1-81c7-f9fc36aa0952	40.832057	-73.927421
e5b2a7ce-d867-465b-8446-743e00617068	40.74086	-73.91708
66de4078-0aca-11e7-82f6-3863bb44ef7c	40.6787242	-73.99599099
1880644160834607498	40.74113	-73.942518
96878d29-481d-48dc-bcdc-a5f1ce88c76d	40.68282	-73.93488
0c106e83-c47a-4233-b5e4-62bbb75d0bed	40.830471	-73.904556
88ee054e-bdeb-4305-8f3b-76eb964f2c84	40.68989	-73.91458
d34f2271-10ee-40c3-a93a-09df58860512	40.70055	-73.8943
9092515e-eef6-478f-910f-1cd19d06bebb	40.68661064950837	-73.91683218964889
2022386456542683974	40.645705	-74.020292
4b67c6e0-d603-4fbc-afbe-0b8952f4f7af	40.827883	-73.927111
1318e05a-2506-43c6-b49d-4c1f7f69a267	40.6972	-73.90674
1856766912456610780	40.75437	-73.87833
1815968026870435892	40.64915	-73.94368
d7bdc3d7-6e6d-4899-9cc7-f4238a86c695	40.769673	-73.906018
66dce5c9-0aca-11e7-82f6-3863bb44ef7c	40.70538077	-73.94976519
1786696384892428996	40.721226	-73.941845
2366d8a4-7a49-42f3-9afe-efd2b200336b	40.74737075646803	-73.94777297973631
1786697003367719132	40.718389	-73.961501
66de2b97-0aca-11e7-82f6-3863bb44ef7c	40.680611	-73.99475825
305c221f-4e0b-4a5a-902c-3d1043dfe606	40.7595701	-73.9142678
1869753195262578852	40.84335	-73.88247
66de48f9-0aca-11e7-82f6-3863bb44ef7c	40.6763744	-74.00324957
1947367330341251364	40.686679	-73.947417
062ffe5a-aa91-412d-8210-23d562c7e7f8	40.74288	-73.89283
328d778a-7e71-4240-acae-b84f0fdaa5c5	40.646351	-74.009271
28be450b-7878-4495-add2-61afd94f375a	40.76817	-73.896293
1848242216849312578	40.74955	-73.85464
2026068766494475116	40.69522407512035	-73.99598850939152
1884688942632618210	40.744831	-73.938411
b9d3134b-697f-4a0f-b90f-d95f6c69ffda	40.68332	-73.91711
66dcc5ca-0aca-11e7-82f6-3863bb44ef7c	40.69237074	-73.93705428
1834145330979754058	40.74908	-73.89172
1845676816555735590	40.65106	-73.94193
c809158b-ca8f-4a77-a800-8ee9d287c056	40.841092	-73.892317
a58ff2e3-a5ae-4070-a26d-ddfe8cc6fc58	40.7424	-73.91808
66db2d2b-0aca-11e7-82f6-3863bb44ef7c	40.69239502	-73.99337909
1e83ffdc-8e72-45c0-8210-4f37e60505c9	40.75186951421875	-73.93349289894103
1828969323789472168	40.76313	-73.8772
d7904cd0-4b1b-47d0-8103-937bcf5ff845	40.7682	-73.9322662
b506be9e-45d3-43d1-a262-27d8fa91e974	40.7699176	-73.9184057
ad41e353-033e-484f-8d76-78014e11e9d7	40.75473	-73.93367
1861682702044957494	40.88324	-73.90587
47bcbcc1-9241-4e65-99f1-07c15543be1b	40.68186	-73.959432
e780c290-0c52-4ab1-9719-a581be789df3	40.808384	-73.923604
36b55a0f-e55d-4849-859a-09b3273fb782	40.662611	-73.998623
ebfafca3-5818-4e6f-8374-98f44a0ca0c6	40.638246	-74.024714
d5d589e6-457f-4cd4-bf78-59165dce28b2	40.7027	-73.92095
43f3d3c7-46b0-4812-879d-15afe8804c5f	40.76315481910373	-73.93985509872437
66dd2811-0aca-11e7-82f6-3863bb44ef7c	40.75110165	-73.94073717
1860190006584693708	40.85724	-73.8909
1828969515711812276	40.75138	-73.86242
2743a950-3a1f-4a58-8fe0-f4105033e0e3	40.763422	-73.914142
bbb48e80-7d2f-4b3c-bb8c-591bc931945a	40.645074	-73.979681
1851999409149780880	40.65159	-73.93535
1869753812884512816	40.87119	-73.89918
96a0b676-e966-4d96-b04b-ceb8149cedcd	40.805559	-73.914718
1885439359712500016	40.85941	-73.8985
901cab1a-a77e-424e-b602-16883e792f93	40.67607	-73.92171
387e2863-83ad-4589-8004-794a7b624801	40.774591	-73.918544
de6f4206-3aa9-4cb9-aae0-8547d2cd6854	40.707174	-73.93581
1836581807397045112	40.75091	-73.89111
5780ae63-54e5-48e3-a00c-9c403cb75401	40.651354	-74.007168
9c147c77-11da-4d0b-8a21-a8042ec8031b	40.65519	-73.9564
66db63f4-0aca-11e7-82f6-3863bb44ef7c	40.6845683	-73.95881081
2687f2e1-3529-464d-82eb-e4f61440c563	40.74549	-73.90605
993fc83f-52c6-43f4-bb49-4abe4ad48150	40.659490558938955	-73.98013919591904
66ddee56-0aca-11e7-82f6-3863bb44ef7c	40.6847514	-73.99917254
66dc0cc7-0aca-11e7-82f6-3863bb44ef7c	40.68764484	-73.96968902
cc834d78-6eca-450a-ae00-a5ffc6f1a7a6	40.73028	-73.90421
9a40cb60-6ede-4c9e-9d64-dc55cae57f31	40.751047	-73.93797
1860188194745712748	40.85014	-73.89818
1e6c5d0c-f406-4b60-88f6-6284a38d3930	40.839229	-73.899047
04d557d6-6bc3-4244-b0f1-81ed1449ccd6	40.87812	-73.89192
42032bf9-4599-4035-bc01-c80bec1a7122	40.7647	-73.9240312
d33261e6-600e-4756-ad03-a9facbd8ace1	40.7443653191867	-73.93172398209572
7bdd60e9-c0fd-40f6-aa9a-d5fa004d4fe3	40.662584	-73.995554
285ad3c2-3ffe-45bb-8765-9c20a69641a6	40.77485	-73.9342
b62bcd96-c2db-447c-bdd5-d3c18f174858	40.71888	-73.91427
1786375069262703476	40.725819	-73.950815
55fda28d-56a8-4db2-b42a-072714f18471	40.66178	-73.93445
1817432104157364846	40.6533	-73.93644
7603028c-8b04-4918-8a25-a087ce57aea4	40.69544	-73.93223
3d339282-d5c7-41ec-b634-6a988aefd440	40.836274	-73.884308
66de482a-0aca-11e7-82f6-3863bb44ef7c	40.6794327	-74.00785041
1838999521825487230	40.6582	-73.9338
66db5c14-0aca-11e7-82f6-3863bb44ef7c	40.69308257	-73.97178913
fe93b3ae-1d86-4ee9-9eb6-9e11808966aa	40.768692	-73.9249574
15cb007b-bfca-4ad7-bfc6-44bf3d36785a	40.850121	-73.910765
c0c6a931-c1d3-4202-a433-c4127a4cd846	40.824956	-73.891677
d9ea5210-50b3-4342-9801-f896bd21f4a1	40.8684871	-73.8884559781
122111c9-9a61-4372-a756-fb2495611cb6	40.660937794931684	-73.98680448532104
d7632897-a6eb-4f8f-9ab2-c66426620fbf	40.800425	-73.911034
cad68b8c-6d68-4c5f-88fe-b1aa3e40727a	40.66035	-73.95679
66db2db5-0aca-11e7-82f6-3863bb44ef7c	40.69839895	-73.98068914
9a52fbc1-d87a-4a65-941d-12fd55dbcdde	40.704508	-73.9351
1838070776953752336	40.75614	-73.86084
a1acdab2-29c7-4956-8b2e-24b39dc2ff13	40.6886263	-73.9851911
6a9b19e3-cd69-4e0c-9b28-1889db936c7c	40.75574	-73.903427
d3433b47-99a7-4b21-9fa7-d7052bb5c23b	40.840683	-73.915073
66db69d0-0aca-11e7-82f6-3863bb44ef7c	40.68683208	-73.9796772
e34bb92f-6911-449a-999b-5bc80e0322fe	40.68454	-73.9322
b0239a13-649a-4d31-aa04-56b8aaeba4d4	40.74838	-73.90699
ad17bd9a-735b-4a11-8ad3-dc7800e342af	40.75370225419114	-73.95865201950072
c0e0e578-8ce8-4c9d-be47-b902d8a41050	40.82995	-73.898802
e2b28abd-07a4-4552-ad17-abf155aff28a	40.73941387498411	-73.92131969332695
1860188907884823208	40.85025	-73.89301
d6834194-029d-4e2d-83b0-ee78ab5acda2	40.656986	-73.998194
1841240663447542046	40.74751	-73.89372
83d1ff16-ba56-4eae-aa6a-b37b6439db82	40.643371	-74.011884
6f21be51-6fde-4cde-b1db-b102a5f67300	40.820713	-73.911759
bc346753-b68a-4cb3-b93f-b0be68227eae	40.782465	-73.914527
550153a5-2ea1-4c76-b1cd-77667005f55d	40.78145	-73.9183302
26176e86-8362-4c91-a693-6aa3f9ce0b73	40.67759206937376	-73.955637216568
db41cc62-86ea-4421-bfaf-9b6511cfee10	40.86874	-73.89657
1828966363527611286	40.75704	-73.8924
284b08f2-3d26-4f52-9463-25e4a07c16f7	40.6804836	-73.9646795
1843486464469891376	40.7411	-73.88837
66dbb869-0aca-11e7-82f6-3863bb44ef7c	40.6851443	-73.95380904
f001fac9-5f19-451e-a752-afde574a8c81	40.8802945	-73.8860653648
1828967607558607844	40.75763	-73.88682
5db1fefa-0f10-4c58-a7ce-113f3164ced8	40.75742	-73.945133
3c8847a6-c12a-40fd-9b22-4582ac1a0d9d	40.6882	-73.90798
66dbeded-0aca-11e7-82f6-3863bb44ef7c	40.680342423	-73.9557689392
1869851741257474316	40.85985	-73.89135
e1886e7a-62b1-4359-9835-8ab5a16371ae	40.84627592921954	-73.90931278467178
44a80c48-c1a9-4ff1-92eb-6bf8be492f5e	40.67154	-73.91433
66dd1846-0aca-11e7-82f6-3863bb44ef7c	40.72079821	-73.95484712
3eed817a-63e5-424b-8ed3-c809db5488f7	40.70140463410644	-73.98768022656441
62089e99-7f73-4f59-816d-57f9793484a1	40.6605	-73.9626
1b22c037-207d-454a-90aa-8f22d0a8a7e3	40.816124	-73.908116
724aeecc-8c91-4afc-b97c-72a98de452c9	40.8704956	-73.8818756582
c63e9937-cadb-4813-aee3-5fd3fcc93767	40.6938	-73.93114
66dbc60f-0aca-11e7-82f6-3863bb44ef7c	40.68539567	-73.97431458
fda0c217-9504-4b26-8a25-e40b603ee5fa	40.843965	-73.920999
1796642668661690940	40.649681	-73.967829
2f580cf9-14e2-4300-ba22-f6d88d0312a5	40.665816	-73.956934
66dc252e-0aca-11e7-82f6-3863bb44ef7c	40.71285887	-73.96590294
1d167807-0aa8-413a-b7a0-01c2ca8a6a60	40.67308	-73.94191
66dd0808-0aca-11e7-82f6-3863bb44ef7c	40.71929301	-73.94500379
74feba30-26a5-4949-b3a0-d6e13ba1a20c	40.72158	-73.94546
1836581534415880440	40.7529	-73.87536
002e6e9f-ced2-47b0-bc7e-ccf38c3b4b0f	40.814232	-73.903927
9ea2afff-a146-4824-89b6-39d5bdfac795	40.72353	-73.89967
66dce567-0aca-11e7-82f6-3863bb44ef7c	40.70510918	-73.94407279
1828966104320053340	40.75473	-73.89458
66dcac42-0aca-11e7-82f6-3863bb44ef7c	40.72036775298455	-73.96165072917938
1875433315773395778	40.86149	-73.88103
d8673258-9513-4ed2-86bf-bef62e7e4e30	40.806896	-73.911837
66dcbe7c-0aca-11e7-82f6-3863bb44ef7c	40.68402	-73.94977
1846086665080867236	40.73988	-73.86012
1814900632709495794	40.65272	-73.94994
ecc52c52-e2d9-4e73-8f9c-18ad8e9b0606	40.66732	-73.93398
4c3b6e25-b0c2-4a3f-b07e-cd60cd1b0ac0	40.848793	-73.903178
1846085626867634660	40.74463	-73.87386
6076e321-85d8-4e0e-ae18-86bb8cbbda1b	40.845505	-73.914311
36edabac-a0c2-471b-abaf-73fdb53a4e5f	40.69559	-73.89927
2576805f-9732-4c74-8f1d-57715e8cdfa2	40.68929	-73.90951
c3d5f47f-cfc3-4c1f-86bb-bcf770d2949b	40.745038	-73.957539
085da8d4-9465-46f0-82d1-10c9c9177d64	40.67261	-73.91977
a8560d28-9ee1-4af4-9180-7e9c4dd0d147	40.826677	-73.929327
e58234a3-5b23-427e-948f-c1e4571b2bfa	40.70684203101325	-73.9544353965357
d9ec5589-c872-46f2-88cd-e54f9c596721	40.85322	-73.90546
ccfa8b82-07a7-4a08-88fc-be261c30a4ca	40.813167759506804	-73.90923197581881
b4063b76-1abd-465c-96a4-45f6ee016bc5	40.875531	-73.8863864831
4dcff9e7-7cb6-4d3d-ad67-c2e4c05933d3	40.82123860172	-73.9173299074173
66dde914-0aca-11e7-82f6-3863bb44ef7c	40.6849894	-73.99440329
1932126716328112534	40.68197	-73.98034
66db88f5-0aca-11e7-82f6-3863bb44ef7c	40.69236178	-73.98631746
1848242058183072050	40.74278	-73.86226
e4645d0d-8b76-4c46-b2b9-be25592e0659	40.7577284	-73.9166368
2123940148896639644	40.62569	-74.02119
78b4aa30-e4e9-4447-9419-c89f8527892e	40.67514	-73.94716
cd118a8f-a7d1-4b7a-a6d3-d9e875cb29df	40.71225	-73.89111
66dd039b-0aca-11e7-82f6-3863bb44ef7c	40.71745169	-73.95850939
a2f71eea-05a2-4fe7-99ab-f74535c880ae	40.676368	-73.952918
1828969112306680612	40.75836	-73.87824
1862008413697896912	40.84696	-73.88663
2124382079594320876	40.62991	-74.02834
2126579471787670468	40.63896	-74.03678
66dcf0b3-0aca-11e7-82f6-3863bb44ef7c	40.711863	-73.944024
66dcbbfe-0aca-11e7-82f6-3863bb44ef7c	40.682601	-73.938037
4eb6d6a8-ecc1-4e89-a586-4f96ed3d83e1	40.649983	-74.005144
66dc8b6a-0aca-11e7-82f6-3863bb44ef7c	40.71534825	-73.96024116
66de65a4-0aca-11e7-82f6-3863bb44ef7c	40.6610633719006	-73.97945255041122
141eb0e0-e78d-411a-a0be-202a6424cc93	40.822217	-73.928939
be2bdee1-e3e9-45cc-94f0-2ba81a722ba3	40.651745	-73.975988
66db7a71-0aca-11e7-82f6-3863bb44ef7c	40.69991755	-73.98971773
067d5007-bda5-4697-b0a2-ccc2837f295c	40.756351	-73.936515
c1c33a35-751f-4dd6-baef-82db46f7ab46	40.7003	-73.991581
66db316a-0aca-11e7-82f6-3863bb44ef7c	40.69089272	-73.99612349
30985a9c-afe4-4b98-a72c-2c72bb35603e	40.709697	-73.907856
308e055a-b8aa-447d-8803-8677c88af0ba	40.65794	-73.94735
1954778813955578360	40.688231	-73.966804
1906248765431831024	40.74281	-73.88296
2124037384760320326	40.62267	-74.04028
2126624772423916318	40.61124	-74.03282
2126624466406238560	40.61699	-74.03568
66dcec6b-0aca-11e7-82f6-3863bb44ef7c	40.70870368	-73.9448625
66de1b5b-0aca-11e7-82f6-3863bb44ef7c	40.6711978	-73.97484126
ed1199e4-d9a6-4d9e-8c81-62bcd7510a11	40.70575	-73.89676
66dbef85-0aca-11e7-82f6-3863bb44ef7c	40.68851534	-73.9647628
66dcbb2c-0aca-11e7-82f6-3863bb44ef7c	40.6800105	-73.938475
1861682960046954694	40.88066	-73.90076
1820420129807491554	40.64661	-73.95401
b200a8bf-2d79-4511-9a16-ac41e7245622	40.659176	-74.006584
66dd8bd9-0aca-11e7-82f6-3863bb44ef7c	40.743	-73.93561
8f9ce302-2a6d-443c-8fe0-625b20021ea2	40.68012	-73.95362
c7be2714-14db-421f-a19e-f6a7bf6e8d26	40.767666	-73.910963
9bd28b11-cf11-4938-abb2-dfa5ec800e32	40.7668	-73.9347774
acfeadeb-73bb-4ec3-b809-78675b01af74	40.66639	-73.95346
46a1ff6c-6131-414a-9ef6-65a8db7d305f	40.648169	-74.000057
1945126147213275898	40.688655	-73.955156
4e1a13af-1c3b-48f2-8586-5edceea97d61	40.83670566862804	-73.92608866095543
66dcf897-0aca-11e7-82f6-3863bb44ef7c	40.715143	-73.944507
6661108f-28eb-4671-ad0c-36a311d325aa	40.82388366441761	-73.8974027708582
5b0b689f-9bd2-4743-b4cc-d4629a9a709b	40.649292	-74.020105
1823008749757202820	40.65630069792407	-73.93647529780917
c01a9c97-6c04-4e3f-ad0b-958801d94ca1	40.671409	-74.001328
1836581714456697424	40.74888	-73.87368
eef98eb6-f550-49f9-a910-4d2863e6a591	40.85834	-73.90626
1877651952425321214	40.84437	-73.87796
66dcbefb-0aca-11e7-82f6-3863bb44ef7c	40.68488	-73.96304
c83e1ef5-776e-417e-8ee2-d08ca121f884	40.6740123	-73.9671457
1835247352748090208	40.76619	-73.87561
2133952475068346460	40.717979409782956	-73.96427449047715
74e104fb-1ddc-4f3e-a60b-220b6c4f300b	40.70068	-73.90742
1913995167022829826	40.7584	-73.89531
531e6d94-5f4c-4ef0-9c83-47191be9d8f9	40.824796	-73.90242
30a75e12-5327-48f0-8155-3925aa934054	40.638566	-74.010147
a04bf523-3c76-4fad-88bf-e99037f9b796	40.776165	-73.9153175
bf5a9ad8-6725-4ade-967d-aba612d423bf	40.66846	-73.9282
09b00240-4c2a-4900-9d09-f13344461c02	40.74021356884924	-73.93537044525146
66de6100-0aca-11e7-82f6-3863bb44ef7c	40.6802133	-73.98432695
d56a8542-048a-4aca-ac7f-f27a9e6c908b	40.7713615	-73.9246145
1869754328201607270	40.74364	-73.88622
66dbe250-0aca-11e7-82f6-3863bb44ef7c	40.69331716	-73.95381995
2126224759932600578	40.63596	-74.02908
1835249964093653018	40.76574	-73.87012
66dde9af-0aca-11e7-82f6-3863bb44ef7c	40.668127	-73.98377641
e15a5c77-70b0-4b9d-9eae-f10ddda7d994	40.87935	-73.88534
e24cb64d-10c2-48db-9440-59e63c0f1c95	40.67922	-73.92192
c0b541ae-9e66-4739-babb-483180747dc2	40.74034668087185	-73.92886072397232
079b5a90-1d2b-40b2-b1e9-71c075f16b89	40.68158	-73.91959
cae4f2f4-9642-474c-95cc-6cc07592f120	40.7675487799971	-73.9209334552288
3bfc859b-5c5f-43bc-b2e7-b64ed8ea9ede	40.7527085	-73.9397405
344064f8-e82f-40fb-b235-aff506b77ae5	40.72226	-73.93889
cd4b8e12-b2c7-479b-900d-59cf7d8c4276	40.70869	-73.92587
1828968199249922252	40.7523	-73.88093
9dde927d-9984-4f97-bcd0-fbcb59e6ca66	40.72249	-73.90854
1836581628905160976	40.74864	-73.87619
facb0195-8daa-46e3-95e1-6f22fb678e8a	40.831762	-73.896853
a1cf7115-8e38-4300-aac8-3a2fddca0e23	40.65482	-73.973217
61be9a4a-737c-413a-9b72-d47b28a366d5	40.752372	-73.925384
d5788cfa-817e-4b65-b43f-edda222a3c3c	40.7580583	-73.9242751
7e7d974c-a6ec-4d9a-b4ed-01a4d2056d8b	40.74891	-73.90899
89171660-8cef-443f-8f75-67503532d1ce	40.824811	-73.916407
1846086768160082632	40.73761	-73.85959
0579ff13-5d5b-4cbd-bc6e-3e9396591aef	40.67923	-73.92588
1978170169761096104	40.74310053056842	-73.85466891367044
b636a06c-c10e-417a-ac22-14cadb8f8993	40.70389	-73.89116
1828967717120678322	40.75374	-73.88604
dfe2c398-ff5c-4a8d-83c8-fa18801540d8	40.840484	-73.917946
39112ced-337f-4b71-9df6-291cd4265cc9	40.65707	-73.95005
5d049d4b-0736-4323-834a-1b2454bd6551	40.75098	-73.90799
36ddce8f-bd83-4a05-b601-b526fb4d8628	40.67015	-73.92538
1817433126359581672	40.64621	-73.93067
60a061d5-d984-4573-af3c-2054f4f59e94	40.769219	-73.901001
aa120a3a-9f2b-4dfc-a88b-384bbb66838a	40.665507	-73.993037
26568d39-db49-4354-a5c1-c81a3c856285	40.808484	-73.928803
66de5d57-0aca-11e7-82f6-3863bb44ef7c	40.6776147	-73.97324283
18267c09-1916-48d8-951c-caf88c89edd1	40.839586	-73.900277
918af7b2-e05c-477a-a8c0-7dcff984c566	40.699997484388504	-73.97440128028393
062f0ac2-b3b6-4c15-b470-92ce9b592635	40.817166	-73.914737
7a701539-2c10-4abe-803f-525785ebb7fb	40.68078	-73.94613
2126225134412534550	40.62184	-74.02863
6fd84197-56e2-47df-849f-701aca0e7cc3	40.83130549267296	-73.91744792461395
66db2953-0aca-11e7-82f6-3863bb44ef7c	40.69608941	-73.97803415
1828968691399885056	40.76156	-73.88167
3bf91ca1-14fd-4e51-858e-36a203f1af2a	40.71032	-73.89955
9790606b-a00d-4d5e-b6ec-abd11c9d25b3	40.8358771	-73.8931428
d473f31f-68f2-4777-a364-ed127db04345	40.68458	-73.90925
77a498ea-5693-46cc-a4b1-6e428f574797	40.818154	-73.925294
17c45d34-0d8d-46ba-9078-e9a2a7c5867c	40.834263	-73.917641
66de47bf-0aca-11e7-82f6-3863bb44ef7c	40.6812117	-74.00860912
fdf21800-6106-4739-b7d5-b379b19e5732	40.67621	-73.90351
1786696251091417274	40.735217	-73.954926
24f431ca-c2a5-46be-966b-b8d4c3e4b346	40.6988	-73.9007
026fd07d-d810-45dc-9237-a3d84dce4fa9	40.67374	-73.90852
1857217122161783302	40.74612	-73.85272
66dea4bf-0aca-11e7-82f6-3863bb44ef7c	40.71915571696044	-73.94885390996933
1846449740982645546	40.662564	-73.945565
1914337145288845316	40.680057	-73.991753
66dc0c53-0aca-11e7-82f6-3863bb44ef7c	40.69580705	-73.97355569
faf021ad-9de5-44bd-b7f5-48127e8d5fea	40.71429	-73.93323
66dc1545-0aca-11e7-82f6-3863bb44ef7c	40.68216564	-73.95399026
1823008917260927616	40.64725	-73.94352
d5ca6311-7471-480f-9c79-38baaafe34ba	40.69329	-73.92852
96cf4c1a-db2c-4d4b-af34-c31281b5904b	40.76663971723091	-73.9286595582962
66de06ef-0aca-11e7-82f6-3863bb44ef7c	40.668603	-73.9904394
66db3aa3-0aca-11e7-82f6-3863bb44ef7c	40.69597683	-73.99014892
78e93937-53d1-4c9b-99ad-0460f908ed2d	40.69535693320225	-73.99344027042389
a11a0000-19cf-4053-b3a1-3a5886d7446c	40.663657	-73.963014
9505c2b7-0c3a-4791-8471-d2092a86291f	40.702461	-73.986842
1828966882896859944	40.76428	-73.89156
1882735162923150168	40.745805	-73.950752
1843486301383097150	40.74586	-73.88539
66dd2556-0aca-11e7-82f6-3863bb44ef7c	40.74731	-73.95451
8c700e85-cfdb-4eef-ba49-53bd69c004ed	40.699304	-73.923044
1860187301567054286	40.84234	-73.89409
19002a4c-3229-450b-ad69-76948696e60d	40.82895	-73.90521
1828968611856235508	40.75958	-73.88219
1879859065051787718	40.71442	-73.90097
66dcf394-0aca-11e7-82f6-3863bb44ef7c	40.71247661	-73.94100005
66de4c32-0aca-11e7-82f6-3863bb44ef7c	40.67260298150126	-73.98983001708984
66de07ec-0aca-11e7-82f6-3863bb44ef7c	40.6685455	-73.99333264
01f01352-50d4-484e-a611-576b18ac373a	40.68256425759694	-73.9798977971077
84b30f68-5404-453a-ae86-a2baff03a2c9	40.87002	-73.88565
2053867202510006310	40.662686	-73.931755
cb04be8e-8edc-4c9d-bfc0-76f94e3a3d9b	40.703781673548306	-73.99073392152786
2126274178538511162	40.62194	-74.03477
1822663143025657920	40.64507	-73.9488
9f702c67-b591-4492-ba90-eb3c7e793dad	40.85501	-73.910751
1851955603137491568	40.697926	-73.97663
66de1448-0aca-11e7-82f6-3863bb44ef7c	40.675146838709786	-73.97523209452629
29b21bd8-2459-4727-b1f0-d73592db3321	40.70099	-73.93921
c1144380-c1ac-4315-9b1a-4b4e870ac688	40.68487	-73.9293
1817432606668538118	40.65116	-73.94577
1815967313905864892	40.64672	-73.96637
1931758629658304788	40.84467	-73.88507
9157a3bc-43fa-4221-8bb8-17273fc09540	40.768728	-73.890745
ab40ffde-f331-4194-adab-cb8c60b63f28	40.86295	-73.90741
1861681435029604706	40.87807	-73.90796
1c82b223-42ba-4d15-8e8a-bd8ae2a57cde	40.659555	-73.995068
cd5e7c3e-c618-416a-ae99-b509bd56e1b2	40.755763	-73.912715
05b9e7cd-f3a2-4d48-b7c4-f5fbe09d9de3	40.754164	-73.908906
66de1295-0aca-11e7-82f6-3863bb44ef7c	40.6777748	-74.0094613
bf093f72-1d8d-44ae-91b5-e36958a27976	40.71798	-73.91818
1862787990429630662	40.87869	-73.89862
c38e2cfc-04e6-419c-8bf8-d8713ccf6ea7	40.70133448066992	-73.98471236228943
672d71ab-2c23-4bd2-9ed2-34e54aa4b5b5	40.86557	-73.88807
74a1dc19-f894-4246-99f1-476a92452995	40.6686744	-73.9618148
dba67615-a7e0-4c44-ab1b-b464033ec9b9	40.72795	-73.95414
8ce7325e-d5c7-46f9-9b73-95356e48c3eb	40.816343	-73.896447
6fcad2af-c3e2-47a4-8942-023ae4047e67	40.768442	-73.893531
653ba606-f397-41e6-adc4-f775bf2d0c9f	40.67955	-73.94709
1817627670084542818	40.65378286163502	-73.95270188179111
5cb3a92d-f284-477c-bf63-ea72d24e8a7d	40.873265	-73.906646
2121033124458338894	40.63874	-73.97063
49d2cd03-f508-483f-a7c9-7fd450e5e6db	40.7576314	-73.9391224
dcdaa64b-4d2c-4017-bfb9-da25924f851d	40.774798	-73.903787
66dc0d3a-0aca-11e7-82f6-3863bb44ef7c	40.69573398	-73.97129668
8fc95e31-b025-4d2b-b5aa-240465366480	40.816576	-73.927987
22ac9559-d7f1-4dcd-ae3e-f6caf586a455	40.753091	-73.920603
557f8d40-dec1-4c61-bd03-a0d1a6ea0e4b	40.642809	-73.979239
968d40e0-2a5b-4f6c-a161-fad1631b609b	40.70497	-73.89965
1828968994833044184	40.76022	-73.87774
1828969417249358046	40.75748	-73.86843
88bf1344-354f-4699-bdbd-1c2584fc41ee	40.7639089	-73.9477213
b3c8aaaf-6e1c-4f56-9391-b79e883b8009	40.75767234025041	-73.90769943594933
78ec2f0d-c309-46d4-8808-7eb1a0674e38	40.823732	-73.919379
66de4408-0aca-11e7-82f6-3863bb44ef7c	40.6828003	-73.99990419
1828969851041055492	40.75755	-73.86454
1d977221-b2b5-4fa2-bba0-b00136834fb3	40.83406	-73.92243
4cd5a87d-7618-4a15-892d-8cf29eec865c	40.73394	-73.90128
c04cef84-3fcd-4fd9-9e40-8e07453dbe19	40.855653	-73.905528
e6a32ec8-fc8b-4ed6-93a2-3ace3921b89d	40.753441	-73.912402
daaa3ac1-594c-48d2-9431-a8ced305ed5a	40.74179	-73.89564
b3a9057e-7ff6-4117-b96e-e71c173cf1e9	40.814383	-73.915368
9341ee1c-d456-4858-a451-70cbbd73d084	40.68281	-73.90623
65e7908a-a73e-4f8e-9967-0d0677f62bc4	40.690434	-73.903737
8df41833-c7bf-4171-bdab-58d64f6ade54	40.643817	-73.977433
aa8270ec-4441-47d2-854b-5852e65fae66	40.84552	-73.91722
1861680103893703034	40.87049	-73.90287
5f0aa684-a1c5-4119-827f-7860f1cd4ccd	40.69356	-73.92524
16e17ca1-b2dc-47d0-8c8b-199cb4736fe7	40.8649213	-73.9024238
66db29e6-0aca-11e7-82f6-3863bb44ef7c	40.68676793	-73.95928168
b9970fb5-176c-4a66-8772-6d76c4b6245a	40.839335	-73.886445
d873e463-2dc9-4bf8-86c7-fea8ddaa3a9f	40.829896	-73.907618
141ba25c-f4ea-4cec-ae7e-022401e23087	40.69517	-73.90311
de449a58-0edf-4d36-91b4-4b313576e945	40.804168	-73.911545
1860187692409078310	40.84188	-73.8855
66dbea8d-0aca-11e7-82f6-3863bb44ef7c	40.69221589	-73.9842844
b1f3eb8c-07f9-479f-a8ab-f04e094bc7d0	40.67717	-73.92285
6853d09a-cbd8-4378-bc23-02e8bba0b4da	40.8496401	-73.9161206
4753c1ba-a86e-431e-94fb-06403cdee4d7	40.7449067	-73.9534573
1814900353536621062	40.65485	-73.96217
d319629d-63cf-4765-9f69-5569f35d6469	40.71988	-73.90556
3bdd81c8-3112-45e6-ae72-11a3f4fa5921	40.67077	-73.9507
8603535e-0d7a-4c5b-ae77-27b9f5770bfa	40.70067	-73.89907
0f9423bd-98dd-4919-b6e3-28880ff7ecca	40.7428	-73.89584
af626e61-9f83-4602-a9b1-038b1c1430e6	40.71334	-73.91572
aba6e644-3ac8-4cdc-9bc6-763e9d82dee9	40.66403	-73.94769
6c3b486e-603c-4158-91ac-adc06ac01535	40.69943	-73.91337
66dd25e0-0aca-11e7-82f6-3863bb44ef7c	40.74708586	-73.94977234
016ee47a-4871-4209-91cb-bf3ceeddc991	40.69715	-73.8936
1835250318514342456	40.76138	-73.86035
9789dc0f-1eb6-4830-bda9-1ce5f1413e19	40.640831	-74.010996
1ddadf67-ae08-4e86-bdda-236629b9eabd	40.67412	-73.94447
17aeb1e3-fd18-4cf9-9473-17dfa5b0a312	40.6691783	-73.9554162
72796825-88b1-43a0-bb6d-2b41d337b1fc	40.7485	-73.941275
7dcc5a03-5997-4250-9207-fa8b6f027c86	40.67945	-73.90474
8dc8c0b3-4d70-40fe-a75a-86e30ecb676b	40.647718	-73.973663
40042fb4-6ddd-4f74-bb52-5af3e4e08c8d	40.67818387977647	-74.0170168876648
1835249854657874848	40.76134	-73.86666
cbcbd880-9662-4ab1-b530-781bb101ed1f	40.86659	-73.89794
1838070703178521596	40.75996	-73.86224
ad037fe2-4a28-4b55-863c-229aada0b43a	40.643546	-73.986418
2122552934440059494	40.646249287052434	-73.99452600971485
42bf7170-61ab-44a0-aafe-1b89d7271718	40.659945	-73.977504
1862788101231526152	40.88185	-73.90291
1900647078394106472	40.66432331577469	-73.95921791486467
b90574d1-e9e7-45be-8adb-e38cb285fea5	40.6679411	-73.9588
1597ea95-0b6b-425a-8d13-ed86ee0754b5	40.68973	-73.93353
1843486757863039016	40.73676	-73.87318
35915f48-31c5-499a-b845-2ca2fb541904	40.68706579875912	-74.01675585121666
bca594e5-779f-4866-bd6b-818871f97d38	40.676757	-73.983262
10c13fe2-34cb-4aff-bea1-4f5ce877769b	40.812735	-73.923697
2126622876727162948	40.62711	-74.0326
4223f276-a4d4-45e0-b914-67f5ef1e81ba	40.752443	-73.929737
96a4da57-107a-43d1-8828-4749d5555461	40.668757	-73.966438
b5010362-af16-4357-8fb7-5958576954c0	40.651847	-73.965248
ab692d1f-5a4a-4fff-b929-013c3a7e8a98	40.7429	-73.91395
db02e1ea-acc1-4f45-8e3c-d37468b0b5a6	40.70113	-73.91422
1882736039096477712	40.748036	-73.946705
05969d95-8a64-4007-abf1-afb847f2d426	40.822545	-73.901824
c702c094-b08f-449d-a41d-b3724f147491	40.6776	-73.94963
4dde902d-512c-4e9e-8899-a68424ed87c0	40.639978	-74.02324
1834145064843958330	40.75257	-73.89538
20f3a578-4dfa-45ca-a917-b394d77ee08e	40.698568	-73.918877
1b28836b-29fd-47a7-9a98-44cd792918fb	40.71816969454208	-73.95520135760307
8a24490d-d5c5-4bac-9e36-56967834fc10	40.846011	-73.919637
2c2cdc55-52a3-4140-b4d3-8409a98f130f	40.70106	-73.93318
a6287af0-9a9e-4708-b61f-8e758be4b914	40.7658346	-73.9265474
16cbe771-8fca-4437-b9d2-374e00da6c3a	40.74893	-73.89981
9459fca8-b044-4ed1-8f2c-c5db11ba868f	40.86814	-73.88145
66ddb595-0aca-11e7-82f6-3863bb44ef7c	40.686203	-73.944694
e71d152c-c2df-4d3e-a9af-139f2529bac6	40.814046	-73.91186
1431ec5c-242d-401b-b672-dbf95155999b	40.84741	-73.911359
3134bce7-0bb9-4a45-9c87-60a8cb681d72	40.69296	-73.91605
add829db-2feb-4e81-af61-056791a6e53b	40.6737236	-73.9631611
160e21da-6dd2-47ff-8385-e13c8cdce4fa	40.646377	-74.023087
66dd1ad8-0aca-11e7-82f6-3863bb44ef7c	40.724055	-73.955736
d07790cd-1acd-4f74-b5f1-3d70f8a8a526	40.750097682094825	-73.91349703073502
1789e458-c466-4d77-aba6-365f5c3823ed	40.67972	-73.93467
6a671276-d345-4a4c-a7df-98f5dbb19e4c	40.750181	-73.919998
59f0cb81-e31b-4ba9-9159-3437c52f7505	40.66688	-73.9425
6db97fde-68ae-4d2b-b121-b7c17838bbe7	40.856302	-73.907302
fbb2d76c-1d47-4fb1-9c07-622fcace38a5	40.83094	-73.91125
66f68197-4897-4576-896a-48e0312104c5	40.6758324	-73.9561677
2a47ef14-1cbe-4ec6-841d-cc277627fe20	40.683238654603414	-73.96599590778351
a35d03cf-bd72-4da4-a4ac-bd25b3f8dce3	40.69064807082943	-73.95746178925037
91ca68bd-5ac1-470b-a26d-1ec98ea9cca4	40.76108	-73.930562
e7739b9e-7cc6-4cbb-98d3-669b8e2ae98b	40.75048	-73.90513
27c71510-d515-4add-b660-6efd6f225cd1	40.678970070475735	-73.97855266928671
66de1580-0aca-11e7-82f6-3863bb44ef7c	40.6729679	-73.97087984
66dccd65-0aca-11e7-82f6-3863bb44ef7c	40.7016657	-73.9437303
66de5a47-0aca-11e7-82f6-3863bb44ef7c	40.680944723477296	-73.97567331790923
98af0e1d-ea33-4c6e-95fe-97846e81081e	40.77028	-73.893675
66db3f01-0aca-11e7-82f6-3863bb44ef7c	40.69196035	-73.96536851
1786698158713921798	40.714731	-73.966612
1869754004195029842	40.85089	-73.88793
febf420f-bbec-4044-a3af-69959e018ccb	40.71301	-73.90968
66dcca76-0aca-11e7-82f6-3863bb44ef7c	40.69527008	-73.95238108
1947313784686131504	40.79322	-73.92396
1848241332086049696	40.74619	-73.87193
66ddb7bf-0aca-11e7-82f6-3863bb44ef7c	40.6942715	-73.9923272
bd318c15-5c3d-4e72-9837-3b4bd37707e0	40.74334	-73.89903
21361381-fd4a-44a4-bfa7-61f075192ce9	40.697842	-73.926241
1875413335585534272	40.84749	-73.89464
09a0c507-7cda-4f3f-9988-78de0baa28e4	40.823429	-73.924689
66ddeca9-0aca-11e7-82f6-3863bb44ef7c	40.68763155	-74.0016256
66de56e5-0aca-11e7-82f6-3863bb44ef7c	40.6849668	-73.98620772
311269f4-53dc-4f83-b26b-ecb6e8e160ed	40.686722	-73.938988
1860189426558126796	40.85455	-73.89507
56e18295-f760-4bf3-8aa3-5a1e4ebf606f	40.705517	-73.93936
b1f67e5c-7c26-4bf3-a90e-1500a3160d60	40.69905	-73.91516
1838617691511229014	40.75179	-73.88568
1817432787057164808	40.63966	-73.96807
2126621026154598618	40.63537	-74.03202
bdefa3e3-aa5a-40eb-b7f8-542de55063e9	40.73787237950538	-73.92264068126678
66dcbdc2-0aca-11e7-82f6-3863bb44ef7c	40.6823687	-73.944118
a381b37a-a928-4834-87ee-da9922cb3b3d	40.77977	-73.923162
1e590819-53fd-415c-bc28-aed605ad3bcb	40.74653761978055	-73.93215849995613
66dd1b65-0aca-11e7-82f6-3863bb44ef7c	40.72325	-73.94308
533f25a0-514f-456f-9d87-5fdcb4ee42f4	40.69662	-73.90056
1945125793810207148	40.693115	-73.943149
66dcc65c-0aca-11e7-82f6-3863bb44ef7c	40.6933982	-73.939877
43eac213-4603-4bc2-b6d6-b45013396282	40.701403172577244	-73.98672670125961
66db3d2a-0aca-11e7-82f6-3863bb44ef7c	40.69196566	-73.9813018
2a9e2320-083d-4044-aedf-0c15ecfefe61	40.692	-73.92617
2b848257-dc2e-4dd0-b840-d5e046972789	40.853827	-73.920765
c2291f8e-3b07-4671-82af-2b947825de4a	40.68917	-73.9886
720c0d64-7828-4dba-bff9-4d99f4e3a9fc	40.69055	-73.91181
1835246815877178358	40.76086	-73.87308
2123940513700131194	40.62643	-74.02707
66dbc6ae-0aca-11e7-82f6-3863bb44ef7c	40.69363137	-73.96223558
1786698815186893280	40.710888	-73.968329
403c310e-26d5-4db5-9928-13c38b25053d	40.658029	-73.989605
9e99abca-c679-4788-9a4e-39066660bd6a	40.7787185	-73.9145645
1835250080052323168	40.7683	-73.87331
2124037510131026812	40.61689	-74.03091
2126965369631090816	40.61466	-74.02946
2ec2f95c-675c-4c59-856f-1fb38df59fa2	40.86448	-73.89522
4fb1ee23-4511-47c4-8698-0c46673dc86c	40.74462	-73.91143
1abd4668-ed6b-4930-8177-17239ae75a9e	40.70694	-73.90632
2126624118513887578	40.61946	-74.03261
b16e9f3f-9b07-486f-a1ca-c76030f5ea64	40.66598	-73.9284
1846085836152179090	40.7424	-73.87251
c0ce2a38-04f5-4333-8818-2a3faa84f214	40.652563	-73.972573
3ac37967-e174-421a-bfeb-d02249fb1266	40.639673	-74.008957
0e405c35-322f-4705-8ea7-769eb3fd028a	40.811314	-73.907729
1835246516012366338	40.7564	-73.87504
1815968345907104578	40.64795	-73.93182
1875395639434791520	40.74646	-73.87996
8c2ed08f-1660-4db8-9168-4709427c23ed	40.760339	-73.9222427
1826348745879909352	40.75675	-73.89595
66db5d92-0aca-11e7-82f6-3863bb44ef7c	40.68650065	-73.96563307
8f3a6711-fd05-4ce1-acf8-9d72b4a1bf97	40.70553	-73.9096
7cd61426-ed98-434e-9235-56ed856fead6	40.819701	-73.901311
66db3e32-0aca-11e7-82f6-3863bb44ef7c	40.697787	-73.973736
1817432709747753390	40.65127	-73.93818
1864605926072998676	40.88111	-73.8965
0e3dedfb-df10-4900-a67b-95349a81bc5c	40.72248188638219	-73.95921930670738
e0a9ed84-55f9-40f5-90fa-87db17d2f933	40.819609	-73.916071
66dcecfa-0aca-11e7-82f6-3863bb44ef7c	40.70877084	-73.95095259
bcd3ee0f-21d7-4cc8-ac45-ccea48b6fc1b	40.74408	-73.92901
5a6218aa-c5b7-4436-93c1-dee7cb5322d9	40.75388	-73.914952
5ffde991-1125-443e-bc97-6827b2b9c97b	40.70907	-73.92157
ba7bf20d-b6bc-43dd-bf30-acb940eaeec8	40.838706	-73.927034
1862787688044743624	40.83998	-73.8806
06e5447e-35b8-45cb-b3bb-937791a6f8ae	40.71790852734058	-73.908454477787
1849009794224623642	40.7458	-73.85945
822d96e8-fb6c-463a-b866-aec9e408ad5e	40.7614376	-73.9411265
9206af28-03bf-43e3-a8b0-354792921466	40.66992	-73.92002
1808184356986544410	40.72532	-73.9368
66de18d7-0aca-11e7-82f6-3863bb44ef7c	40.67267243410948	-74.0087952464819
adb67652-c20d-4dd2-8e89-d6015b801c1a	40.830529	-73.894717
18b19467-28ac-4496-b3e4-f6028b1c5105	40.69545	-73.91164
1828966227118051662	40.76013	-73.89741
1905394575114219798	40.7429302	-73.952037
f8c1c90f-4ec0-44bd-b097-cfafc887744d	40.698477	-73.98384
ff1e98d3-ae7d-4c53-a531-1845bee1d346	40.88226	-73.88702
699d3378-6ea8-465f-888b-c49c60089ce8	40.6767	-73.969024
1835250199411134468	40.76894	-73.86832
f47c7f15-1c30-4199-a09f-134f0f0f684b	40.6919925157634	-73.9325501024723
2ec1235f-a043-4e3a-9ba1-56f7dd4624b7	40.7659	-73.930819
bda1fab4-5065-42df-a8ff-514e6064ab6e	40.66104	-73.94795
bdc116cd-4d63-4693-846c-ec5073314007	40.866899	-73.901942
74f913d2-6eac-49ce-bd6d-53a06fa855a6	40.67113	-73.94222
1791188268875152272	40.72054	-73.959
1828968327357059242	40.75601	-73.88266
66db43b5-0aca-11e7-82f6-3863bb44ef7c	40.68940747	-73.96885458
f3525aa7-9d69-4ea2-9278-4df92db1afa1	40.653368	-73.976291
ee1ba75f-baf5-4852-929c-8b7ad310f55a	40.7098	-73.91727
1786696780996714874	40.712628	-73.960575
66dcf922-0aca-11e7-82f6-3863bb44ef7c	40.71413311	-73.95234386
66dce660-0aca-11e7-82f6-3863bb44ef7c	40.70583339	-73.94644578
16836c76-c412-4ec3-bac8-3c6a5a3d9745	40.70408	-73.90408
1891277309535701686	40.74919	-73.87054
039d4cc9-8560-4d22-88c3-20753c54a50f	40.823872	-73.908699
c36cfa58-29fe-4c0c-a14f-41c3463487fd	40.753599202005596	-73.93795609474182
1880644037244334512	40.740288	-73.960697
66ddf310-0aca-11e7-82f6-3863bb44ef7c	40.6831164	-73.99785267
1828968082192898522	40.75	-73.88062
1835244925191295588	40.75301	-73.87266
66dd2292-0aca-11e7-82f6-3863bb44ef7c	40.74232744	-73.95411749
1856767203049599002	40.74311	-73.85715
3e4a2c26-7527-469c-b4f4-1ef8d40fd20d	40.854947	-73.916661
b9b58379-b29a-4fa8-ba72-c647728e1686	40.72235	-73.91215
1848241879913802606	40.73716	-73.86625
3d6b7c84-7e5a-454d-aa9d-c66eb92383be	40.8660052	-73.904254892
7af717b9-99ce-4cce-94b4-b445a40537a1	40.704425	-73.92836
1a92d2d3-ddf1-4f34-b28c-ce7a064b9a3e	40.70264	-73.88981
1856767555236917834	40.73802	-73.86103
1835249197527877718	40.75243	-73.86717
6cb5fac5-f7e8-4ec9-94cf-816771d91ecd	40.777112	-73.902382
66dd9dba-0aca-11e7-82f6-3863bb44ef7c	40.6896218879	-73.9830426872
3fed8016-0be0-47f5-8663-2e850ec47288	40.87069	-73.90678
1838999304404452058	40.6577	-73.9398
2126224876714496782	40.63414	-74.03699
66dd1eb2-0aca-11e7-82f6-3863bb44ef7c	40.72906	-73.95779
1846086562569586930	40.74419	-73.8619
2088792249063596144	40.692566	-74.015936
1846086027713733188	40.73937	-73.87411
178bad16-1b02-4264-94c0-a8fd0faa60fe	40.641269	-74.017651
82b97827-1801-4b7b-b3de-16447a8dd025	40.68609	-73.92628
1861683217585879154	40.8863	-73.8997
398ebef6-dcc2-4305-b1d2-47efafdaa85c	40.67128	-73.92825
c8197f4b-02b0-4cc3-96af-df5fec27a279	40.808891	-73.91081
00284700-9d22-42ce-8485-113fed9879c1	40.76408932350688	-73.91065120697021
1828967499459705054	40.76109	-73.88632
1861680383828308814	40.87655	-73.90941
1861681959015615218	40.88435	-73.88781
1dba415a-2c46-419e-838d-7e068b8d7d6f	40.649143	-74.012384
0e8bfd72-c494-4d3e-85e2-4f98b801fe3b	40.6716	-73.93378
0efa08a3-1c38-48fe-ab37-8c9b72b20126	40.657743	-74.001141
1879828885264130640	40.66852	-73.91908
941ea42c-47fe-4d63-a6f5-e0e200f01633	40.70229	-73.90145
08bf2fe0-219d-48cd-87c5-6163b3a2eafd	40.7656251	-73.9136695
b5861c2d-d687-4308-bf2d-5f69fc28cc4a	40.6555	-73.94975
7c42f9fc-d280-4841-ad96-e3cc53ee3759	40.812299	-73.92037
11a8d465-b4eb-466b-a6ca-055f73994231	40.810893	-73.927311
9d56294e-61fc-4176-bb9c-4692f45bb374	40.822215	-73.914688
66ddeb67-0aca-11e7-82f6-3863bb44ef7c	40.6861758	-73.99645295
66dcf30d-0aca-11e7-82f6-3863bb44ef7c	40.71167351	-73.95141312
f365afa3-e8a5-439d-975d-6c2b064f30df	40.858472	-73.90266
66dbf6d2-0aca-11e7-82f6-3863bb44ef7c	40.68753406	-73.97265183
dfb8b9c8-3006-4b76-963a-95f7471dc0a8	40.646037	-73.980963
e63c8dac-ab44-48c8-83a0-92c53a00f12e	40.6716493	-73.9631145
1857515306802639416	40.67319	-73.91083
8ea3301f-6940-4e0f-80f0-7a3e54b2eaa5	40.80262	-73.9174
340036c3-2787-4998-9a77-fe54f352d619	40.66016	-73.990974
66de4336-0aca-11e7-82f6-3863bb44ef7c	40.6809591	-73.99905709
f47e1ce9-ff3f-49e9-9a2f-aa5be45d70da	40.811112	-73.914932
9be6c750-85b6-4e81-bace-1a8ffe941d7b	40.68018	-73.91136
5a5a38d1-f28d-4e51-bf85-27bb384135c7	40.6553997745	-74.0106278658
1817432346178415570	40.64796	-73.9556
fffb18be-14b3-412f-a808-107a98cd9e58	40.85670801831255	-73.90265285968779
33af8810-cda5-4b61-9c38-0235f9d59aaa	40.654144	-74.00422
8c6cba48-d803-4a90-99f7-e06edcdbbf92	40.780478	-73.912212
66de14af-0aca-11e7-82f6-3863bb44ef7c	40.6773429	-74.01275056
16c54bf4-194b-4f26-9c49-a42901b4748d	40.743540273428685	-73.92435193061829
66dbeb1b-0aca-11e7-82f6-3863bb44ef7c	40.69760127	-73.99344559
de97a7d0-fbb3-4c13-ba6a-2bbd441751fe	40.805701	-73.925177
0575e356-72f4-4251-8e15-574cf60bd190	40.70076	-73.93641
66ddef2d-0aca-11e7-82f6-3863bb44ef7c	40.6686273	-73.98700053
3a51a25f-3e9b-4aea-84ee-39e9a3acc7fd	40.66127	-73.95352
1814907277023901890	40.64034	-73.96603
66db281e-0aca-11e7-82f6-3863bb44ef7c	40.68382604	-73.97632328
174bf571-e597-463d-84bc-611c4a13d85e	40.66967	-73.9503
4bc6f4d0-edd5-4eb0-a704-f7ce0d693aac	40.86288	-73.90316
6dec8948-44c7-4085-9682-446a891feb42	40.6630619	-73.9538746
1828966747840428256	40.76205	-73.895
49703a2d-15e9-4af4-b80e-cca664d7ea18	40.65686	-73.95331
1913988158376585970	40.75777	-73.84887
66dd1bf3-0aca-11e7-82f6-3863bb44ef7c	40.72311651	-73.95212324
1861681740276243358	40.88227	-73.90809
b471c112-1770-4dfe-9e13-fe7479dcb5a5	40.821967	-73.896752
2ad41c1f-5636-4a63-ad52-761e2613061a	40.644862	-74.014531
60c5a043-1367-4a27-96ee-394ba60e2154	40.7557327	-73.9236611
0e240143-2f86-4754-8345-4994750d99f1	40.6595	-73.95041
7a8bf573-275f-41d5-ad8b-1ff9ee7c2dce	40.77813	-73.90842
c9e76fa9-54e2-4161-9798-4787bf04217a	40.68143	-73.92565
201edb67-d071-4b67-bafd-131e5c273e9f	40.71401	-73.92793
9eb98b3b-ea35-483f-91f6-d90c506152db	40.816402	-73.919549
1913990214925537808	40.75521	-73.84672
1945126022626996350	40.690894	-73.955195
1861682182353914188	40.88602	-73.90232
cb4926e6-0a79-4902-80ee-d365fbf42aec	40.840494	-73.911479
dee5a590-7cda-465e-8351-b0622a5e2ad3	40.822351	-73.926907
a68acb0c-4244-416a-bf59-ca55d3120cdd	40.71484	-73.909
981f1311-004f-41c3-ba5b-3679f78aeb70	40.6627059	-73.9569115
914e3e7c-87da-4f52-aa03-5449c6361fa2	40.7703743	-73.9286078
72719900-dd61-40bd-9f4a-40d70c47590c	40.7471	-73.9028
f3eb962c-314a-4431-bac7-2eb2ffbe2fd2	40.835122799036405	-73.91196817159653
8066575c-f8e9-4e14-95ea-8d25ceeae2ca	40.672784	-73.979826
66dcb9f7-0aca-11e7-82f6-3863bb44ef7c	40.67890679	-73.94142771
66dde7dc-0aca-11e7-82f6-3863bb44ef7c	40.66514681533792	-73.97637605667114
3575749f-123a-4a80-870d-7ca7c7f9c8a9	40.7671	-73.9169858
36d80620-9774-487e-8eb0-cf5f18a39321	40.861669	-73.898589
49f86083-851b-475d-b9ab-64e01b81f725	40.68834	-73.93306
fc5ee04d-710b-45ba-aae0-303b8e95ea89	40.71323	-73.93894
1835246381185208614	40.75502	-73.87285
1882736243099681438	40.745627	-73.945661
067b53bd-33bf-4698-8103-3931a5f32a37	40.74215636827728	-73.92662644386292
1817803079955479336	40.6532	-73.96639
1835249448692130546	40.75584	-73.86621
266c8621-fdea-4a7e-9d35-18ca1684d526	40.74694504524519	-73.89650255441666
8dfff4bd-0f3c-43af-bc55-a63850f66c6b	40.699569	-73.979827
f42b3158-3f78-4a62-964a-8cc554d69c35	40.66155	-73.93974
66de4897-0aca-11e7-82f6-3863bb44ef7c	40.6769993	-74.00647134
1792225684155730482	40.7123	-73.89397
1860188331547447938	40.84666	-73.88991
a4c9faeb-2234-457d-ad56-1ab14104b538	40.74501	-73.9036
3d835eaa-a102-42c5-b6c0-2c693b1d0677	40.6910363748993	-73.99201065301895
2123939242997647892	40.63841	-74.03093
05d03a63-b5f2-40d9-9a3d-d2fe666a307f	40.837576	-73.910489
8b830188-101e-44bf-a755-5e6c611e3edc	40.66343	-73.93472
0cb63737-64c9-42a9-9479-280d49ed015a	40.65798	-73.96051
00d94dfc-3695-47e1-aba6-7f319dd2eb08	40.6756	-73.9415
1834145204469569922	40.75297	-73.89236
1890927910885612334	40.73303	-73.871
1857217349795049790	40.6904	-73.9277
66dd3cb4-0aca-11e7-82f6-3863bb44ef7c	40.75325964	-73.94335788
d7a7789b-a052-4a69-a4ec-59436b0f8d75	40.8301283948092	-73.88630211353302
90fca941-2212-43bf-b104-ce32c4270d4d	40.832171	-73.889686
5fdf435f-6080-4b1d-966c-3b9d08450c4d	40.81093	-73.921606
66dcc3e5-0aca-11e7-82f6-3863bb44ef7c	40.69072549	-73.95133465
1849010295160437584	40.73916	-73.8526
b1cdec34-d4f9-4313-be82-729bb9f7bb18	40.68273	-73.92926
4cfd4097-0aee-4f11-9aea-55f99397bf33	40.69467	-73.90663
b7af52d2-fd23-4970-8513-be7c681480c4	40.700763083261506	-73.98869812488556
b43ecf62-4c9d-4b06-ac9a-5837084f769f	40.63766	-74.01782
a7c09fde-76e8-4a56-b61d-8ca940432efd	40.69969	-73.9022
5b4a4b20-539b-47c1-9228-1f1f124b3ec9	40.660079	-73.998633
66dde703-0aca-11e7-82f6-3863bb44ef7c	40.686371	-73.99383324
66dcba5e-0aca-11e7-82f6-3863bb44ef7c	40.6794268	-73.9298911
1846086263936934630	40.73921	-73.86887
b4ae292d-5e89-4c58-8154-0496893394b5	40.83196	-73.91956
d5cb6e67-addb-46d4-93e7-832371736d45	40.81734	-73.922962
66de4b0b-0aca-11e7-82f6-3863bb44ef7c	40.67595768953126	-73.99894942833194
8d8a381c-21df-4095-837e-65924d85a06d	40.834857	-73.903743
1797078913880883846	40.71107	-73.903
13b82a41-c25b-428f-a07b-5f5d8340c6f2	40.858498	-73.89637
034f7f3d-e632-475a-aa01-894480d153df	40.747148249032804	-73.92902433872223
2124425954553309758	40.62646	-74.02367
081d243e-d75e-4e2a-bdae-a990b2397532	40.68995	-73.9365
971cddfa-695e-4b44-ba8b-26154ab4a83b	40.812769	-73.901583
0b857ee5-3d10-4152-952e-95fbaf06677a	40.640125	-74.015726
66de0c43-0aca-11e7-82f6-3863bb44ef7c	40.681990442707026	-73.99079024791718
1fba77e2-66ab-4e9c-9f9a-4ec4f11fd80b	40.849955	-73.905943
1786686999403592506	40.738095	-73.954867
ee70b21e-4a95-4bdf-802c-50f83a76971d	40.69671	-73.92807
c3b255d8-b690-4825-b1e9-a1d1680e5542	40.73124	-73.95161
ee1d39c5-47c8-4527-9456-3719c50b7be5	40.817755	-73.92965
1838070940162509196	40.75696	-73.85612
c4377169-c19e-47e1-90a4-c4e14bb41601	40.66591	-73.92602
0258da92-f770-4acc-b20b-91b78aff791e	40.66131	-73.96091
5d101095-011e-4541-ae64-bed8b52807b3	40.63556	-74.01298
1845676917264180046	40.65	-73.93296
d5d2aebc-158c-43ec-9105-2a779d0245d8	40.67095	-73.92222
6fefe1b3-5f0d-47aa-b1dd-cec211239950	40.649145	-74.009486
c0f952d9-538e-4836-b936-fa97123cbf13	40.693	-73.90824
ab29ce96-c2e8-4929-b27b-e0fe4aae17d5	40.828975	-73.911259
66de0a0a-0aca-11e7-82f6-3863bb44ef7c	40.6829151	-73.99318208
1856767361963389606	40.74096	-73.85357
1828967208126648828	40.76646	-73.88674
66dcc920-0aca-11e7-82f6-3863bb44ef7c	40.69622937	-73.94371094
1869754143518014264	40.75499	-73.88905
1ecc9936-ee0c-44b2-baa8-237564c8e4fd	40.690065	-73.978776
66dccc99-0aca-11e7-82f6-3863bb44ef7c	40.70029511	-73.95032283
454fe70c-1d53-4af2-a9ea-1d4bd9f59799	40.87144520687118	-73.89289632439613
2126621627432855870	40.63074	-74.03962
d7c12bf1-1ec8-496a-beca-90ba76c53241	40.750016404259334	-73.91540944576263
1885440410432338078	40.85591	-73.90051
814dd1a9-100c-4b1b-8110-6319bbd464e9	40.67404	-73.92772
66dcc44a-0aca-11e7-82f6-3863bb44ef7c	40.69128258	-73.9452416
f3f46097-54cf-4c30-805a-6b2a4851eed7	40.765753	-73.90676
1869439170989701358	40.702753	-73.953168
57f144cb-375d-4eee-b458-e288116cb8f7	40.73565914819229	-73.93478840589523
76c1ef9c-3984-4b4e-bff4-5c398e2395bd	40.774306	-73.908335
1828966490867110420	40.75473	-73.8918
627c77c0-0088-4ba8-ba66-73e0e3d3fe77	40.867	-73.8857764
3893eeef-06a8-47b1-95f2-a85454f7d5c9	40.67524	-73.93596
bb58e953-4953-4fbe-9ef2-367488dfef9b	40.824	-73.91089
44a43ebf-cacf-4251-9ceb-e1c331ef1673	40.639859	-74.019776
1828969634783171152	40.75165	-73.85915
c72970e7-7f1a-4671-bf55-fc34be7c9413	40.7437524099784	-73.94176483154297
1860189075388547142	40.85079	-73.88945
2025623258130320038	40.75717	-73.92175
ce700c09-6095-4b20-ab65-07defdd1a7d7	40.757525	-73.901614
1851947582840610924	40.75947	-73.88431
fcb1c3a3-04b6-45cf-bc9a-deb71198804e	40.860814	-73.902541
cda60c6d-80f3-41b7-8ece-fe997f6dafb5	40.820302	-73.903944
3c5a8531-4eec-4695-b4f8-8a1158890e78	40.71773	-73.94051
1828968462257099768	40.75793	-73.88401
b53b5e8f-9503-48d1-b3e3-9347ecef38e2	40.699871408829885	-73.91171872615814
92ffa9d6-8cb1-44cf-8059-391b03d58071	40.87382	-73.88661
a7a175ff-8ffb-477c-a40b-6d47ce92305d	40.800933	-73.913863
fc774664-3c9b-4a8f-a79e-f6907db00a1d	40.7767	-73.927631
1848242143834868452	40.74944	-73.85792
f6cf3ecc-b3ad-4291-8c24-277f28f64ba1	40.703545	-73.917775
e25f8dee-c110-489f-a978-464ac5c84ca2	40.68737247650719	-73.98176059126854
2fe3e166-2d2f-41c8-b522-fdf8ee3ae16f	40.67324785	-73.95689517
606c7384-75e9-4988-858a-07b88b3a9413	40.72984	-73.94839
f6143531-4a16-4aac-9b55-573ef7ef162e	40.7569332	-73.9262231
4956ad8b-06d6-4af4-bcc8-735c45439608	40.70204	-73.89288
5864d88d-a0fd-40ad-beee-896118d9360d	40.654798	-74.014372
2126623405008140358	40.62503	-74.03059
7b56cbab-9d93-4043-bfa5-63eb6b3e5281	40.69338	-73.90061
c7dbc7b5-240b-494d-8663-dbee4103a20c	40.67251	-73.93642
66de602e-0aca-11e7-82f6-3863bb44ef7c	40.6792788	-73.98154004
272c0389-5e4a-41a9-ad6c-2dccdfa55af9	40.70555	-73.90245
186092d1-a431-45db-8198-d5ba13334d79	40.83263	-73.925101
5782a158-b596-4936-a451-32ccc131a57d	40.6814658848122	-73.91415685415268
1835247598942507168	40.75896	-73.86976
7155b0a6-2545-4b02-ae8c-9c0c4220f8c3	40.645921	-74.005708
2123938400844950144	40.62967	-74.02275
66dd5960-0aca-11e7-82f6-3863bb44ef7c	40.7177325	-74.043845
66ddda59-0aca-11e7-82f6-3863bb44ef7c	40.72333158646436	-74.04595255851744
3d1db3fa-1df5-46c8-baf3-619b729f5bda	40.7422579775645	-74.03511106967926
66dd5e69-0aca-11e7-82f6-3863bb44ef7c	40.7182113	-74.0836394
66dd6721-0aca-11e7-82f6-3863bb44ef7c	40.7272235	-74.0337589
6107e75a-2493-4e3d-a3e0-d4886d3416e5	40.71942	-74.05099
e163ce54-4c39-43c5-9831-e10a2603527d	40.71539114317	-74.04969155788422
d09709d2-e119-48c4-aa22-29432a13a35a	40.75453	-74.02658
2108372562172578194	40.713225	-74.070645
4a48175b-c239-4d5e-b1b8-03eda4239678	40.752960630464955	-74.02435272932053
2de92329-48d0-4cf7-85df-172f91bbb320	40.7192517	-74.034234
66dd8479-0aca-11e7-82f6-3863bb44ef7c	40.7127742	-74.0364857
f417d8da-0f15-49b0-9e3c-3c3e55c2691d	40.74998490907138	-74.02715027332306
1839334257267825432	40.7408139	-74.0274062
537a2f47-26a3-4776-ba9d-e2acd2ffbee1	40.73736	-74.03097
7478be11-37d8-49b1-a253-f0810045f6ff	40.74641264837719	-74.03797701001167
681a8bdb-65ff-4078-a5de-74927502da4e	40.74790720968899	-74.03841152787209
2036428272250118978	40.7501091128573	-74.036636745998
66dd650d-0aca-11e7-82f6-3863bb44ef7c	40.737711	-74.066921
66dd8043-0aca-11e7-82f6-3863bb44ef7c	40.742677141	-74.051788633
2108372790290481846	40.71647	-74.07413
43318169-d1ae-4a1a-9578-23cfa3fdbac9	40.74265933273143	-74.03223305940628
66dd7cab-0aca-11e7-82f6-3863bb44ef7c	40.7311689	-74.0575736
c32d6965-4fae-4f1f-a5f2-7f2ef5f439fc	40.73879	-74.0393
66dd836d-0aca-11e7-82f6-3863bb44ef7c	40.734785818	-74.050443636
66ddded0-0aca-11e7-82f6-3863bb44ef7c	40.71928220070702	-74.07126188278198
0bb12c94-efdb-40ac-98fe-9521ba373b57	40.73698221818716	-74.02778059244156
3742e2ab-6cd0-40cf-846a-72cbe637afe1	40.71636596185077	-74.034343957901
66dd83fc-0aca-11e7-82f6-3863bb44ef7c	40.71848892	-74.047726625
ded4386f-9f69-43c6-a566-4511920c3e39	40.74313993965626	-74.04004096984863
66dd9183-0aca-11e7-82f6-3863bb44ef7c	40.7236589	-74.0641943
21c4a77d-b1ae-4262-b143-087fd14a07b8	40.74542	-74.03332
915057d4-edbc-4c73-8d81-dda33d600d58	40.72755146730012	-74.07106071710587
f841ae52-0bbb-49db-b6eb-f898fbce6108	40.7242941	-74.0354826
e2c00264-9eea-446d-a1b7-27cef3aed403	40.722103786686034	-74.07145500183105
66dddae7-0aca-11e7-82f6-3863bb44ef7c	40.721650724879986	-74.04288411140442
a59f4f11-5d52-43a2-8a32-ae71137a6af8	40.71517767732029	-74.03768330812454
66dddc98-0aca-11e7-82f6-3863bb44ef7c	40.71458403535893	-74.04281705617905
66ddde40-0aca-11e7-82f6-3863bb44ef7c	40.721630142638354	-74.04996782541275
823c0615-2832-4e76-85f0-7cf527151aba	40.75409	-74.0316
66dd63de-0aca-11e7-82f6-3863bb44ef7c	40.748715945380226	-74.04044330120087
33a797e8-6be2-4868-b9f6-1be157eaa0a5	40.70657545063453	-74.0867006778717
655b0878-c22b-4f8c-8675-21bf30d1eebf	40.7518674823282	-74.03037697076797
66dd7f10-0aca-11e7-82f6-3863bb44ef7c	40.7376037	-74.0524783
ccfa1f8f-f930-45f2-9cda-375c01596ca2	40.70919832245443	-74.08084273338318
fadf00cf-d84a-49e8-9607-c67154915412	40.74816121065146	-74.0324530005455
2290031f-e7d8-40a3-9ad6-566df493bbbc	40.71941	-74.04309
2058728861810389252	40.73681	-74.0309
5f798c51-5d8b-4add-9f81-341f54a82ffa	40.73755127245804	-74.04166370630264
22cd02a2-228f-4eeb-b249-cbea51a0e219	40.716615000830494	-74.0424120426178
66ddd78e-0aca-11e7-82f6-3863bb44ef7c	40.7124188237569	-74.03852552175522
1ec24ce3-2b69-4f3a-a153-c73e583d11f3	40.71113	-74.0789
1849747691035224144	40.751889392240685	-74.03329162748534
66dd5f99-0aca-11e7-82f6-3863bb44ef7c	40.7246050998869	-74.07840594649315
66dd58f2-0aca-11e7-82f6-3863bb44ef7c	40.7141454	-74.0335519
66dd630c-0aca-11e7-82f6-3863bb44ef7c	40.7443187	-74.0439909
8ae0bf30-9979-461e-a947-2dd89f293b40	40.73743	-74.03571
dd8b2f53-8b94-4082-9576-994a4962f9d5	40.73367	-74.0625
2108372139456801688	40.711354	-74.062446
2108373096850688302	40.709142	-74.074553
66dddf5f-0aca-11e7-82f6-3863bb44ef7c	40.74590996631558	-74.0572714805603
4aecd6f2-8a84-4bed-a528-dc6870877292	40.74313282710551	-74.02698867022991
1844599666569400604	40.73721535335381	-74.02886540972803
66dd80ac-0aca-11e7-82f6-3863bb44ef7c	40.72152515	-74.046304543
66dd8b48-0aca-11e7-82f6-3863bb44ef7c	40.734961020009514	-74.0595030784607
3371df76-39db-43ab-b3d6-fac0be55311f	40.73981372311843	-74.03690412640572
66dd6000-0aca-11e7-82f6-3863bb44ef7c	40.7253399253558	-74.06762212514877
66ddd81a-0aca-11e7-82f6-3863bb44ef7c	40.71346382669195	-74.06285852193832
66dd7b37-0aca-11e7-82f6-3863bb44ef7c	40.727595966	-74.044247311
66dd7fe2-0aca-11e7-82f6-3863bb44ef7c	40.7241765	-74.0506564
2108372029596633484	40.713203	-74.058261
2108373197827738014	40.714964	-74.08829
66dd6441-0aca-11e7-82f6-3863bb44ef7c	40.7287448	-74.0321082
2108373961268485100	40.704503	-74.07721
519824e4-69ba-4270-a395-17c204f328f8	40.745983882915624	-74.02819901704788
66ddddb4-0aca-11e7-82f6-3863bb44ef7c	40.72568548362901	-74.04879033565521
2116634708854430228	40.71087	-74.09368
66dddc08-0aca-11e7-82f6-3863bb44ef7c	40.71835519823214	-74.03891444206238
5faf99b8-9046-450f-9d2a-d13279b3d016	40.73520838045357	-74.04696375131607
46813ecf-8df4-4c8f-9579-0179e0b36ba6	40.740802	-74.042521
581211b2-4e42-48f2-8a8f-5f968cb1c5df	40.73100888698729	-74.06443700194359
66ddd93e-0aca-11e7-82f6-3863bb44ef7c	40.72528910781132	-74.04557168483734
cbc48689-7805-49dd-9669-5471f4b7b6fb	40.73593758446329	-74.03030455112457
5aa81a37-ea1d-4bf6-ab40-4751c6b4fb08	40.72572613742557	-74.07195925712585
bd6f422b-d7ae-4d7e-9261-653fdd8e6888	40.750604142368964	-74.02402013540268
b6a13f2b-deb4-4f4d-9d67-7d23bee27c88	40.73915272763701	-74.0330819785595
2088688422524183306	40.736722273163316	-74.02900660353771
2108372903577159978	40.71575	-74.07887
2108372356498784942	40.710526	-74.070112
66ddd8a8-0aca-11e7-82f6-3863bb44ef7c	40.72601172964625	-74.05038893222809
9d344652-976b-4c2d-bede-2ef19b0fbf13	40.744397833095604	-74.03450086712837
2108373337368856880	40.711889507485985	-74.08384994659119
66dddd28-0aca-11e7-82f6-3863bb44ef7c	40.71435836870427	-74.06661093235016
66dd5a42-0aca-11e7-82f6-3863bb44ef7c	40.7211236	-74.03805095
66dd5f24-0aca-11e7-82f6-3863bb44ef7c	40.7112423	-74.0557013
